0.00010661
0.0001663
7.9007e-05
0.00011021
7.9007e-05
0.00014074
8.5609e-05
0.00024877
0.00016144
0.00013936
0.00013131
0.00021791
0.00012435
0.00015797
0.00012543
8.8369e-05
0.00019366
0.00020077
8.8369e-05
0.00016081
0.0003788
0.0001058
0.00011872
9.0279e-05
0.00025622
0.00015799
0.00018361
8.1195e-05
0.0002048
8.1195e-05
0.00014555
0.0008172
0.0001488
9.5647e-05
0.00013526
0.00011079
0.00025138
0.00016129
0.00027719
9.7398e-05
0.00011448
8.2589e-05
8.2589e-05
0.00010383
0.00014663
0.00012828
0.00011689
0.00071324
0.00061271
0.00017284
0.00013952
7.8766e-05
0.00014284
0.00013979
0.00016741
0.00010203
0.00016773
0.00018445
0.00017437
0.00014097
0.00011105
0.00012537
0.00010378
0.00011255
0.00016592
0.00011751
8.4067e-05
0.00015303
0.00027749
0.00014113
0.00018942
8.4067e-05
0.00010819
8.4067e-05
8.4067e-05
9.8728e-05
0.00020363
0.000143
9.7274e-05
9.1265e-05
0.00011643
0.00013567
9.5501e-05
0.00010814
9.703e-05
0.0001859
0.00010425
6.9898e-05
0.00018086
7.8588e-05
0.00014796
9.1708e-05
0.00010332
0.00011185
0.0001774
0.00020059
7.6586e-05
0.0001063
8.4319e-05
0.00010175
7.8588e-05
0.00027231
8.4529e-05
9.1994e-05
0.00013791
7.8588e-05
0.00013188
0.00011549
7.8588e-05
9.4965e-05
0.00012164
0.00022304
0.00013328
0.00021414
0.00011448
9.068e-05
9.6029e-05
0.00012077
8.0135e-05
0.00013405
0.00011518
0.00011374
0.00011484
0.00024659
7.951e-05
7.951e-05
0.00016624
8.6716e-05
0.00025308
0.0001361
0.00010013
0.00011038
9.423e-05
0.00020185
0.00011888
0.00015603
0.00021697
0.00020008
8.0037e-05
0.00010834
0.00019192
9.6603e-05
9.9363e-05
0.00012346
0.00010192
6.9898e-05
0.00010846
0.00011422
0.0002152
0.00013714
0.00042564
0.00013531
7.5839e-05
0.00016313
7.5839e-05
0.00012038
8.6306e-05
0.00010923
7.8009e-05
0.00010885
0.00011554
0.0003241
0.00011785
7.8009e-05
0.00010523
7.8009e-05
0.00027493
0.00025361
0.00010719
9.3361e-05
0.00015168
9.3361e-05
0.00010762
9.3361e-05
0.00011515
0.0001199
6.9898e-05
7.5839e-05
7.5839e-05
7.5839e-05
0.00023057
0.00030993
7.5839e-05
9.7981e-05
7.5839e-05
9.1937e-05
0.000168
0.00011122
0.00025015
0.00014933
0.0002517
8.6758e-05
7.9376e-05
0.00016469
0.00018394
0.0001153
0.00012813
0.00012371
0.00019467
0.00010984
8.6419e-05
8.6419e-05
0.00023786
0.00014645
0.00010981
0.00019905
0.00021068
0.00037668
0.00012792
0.00010698
9.9813e-05
7.9036e-05
0.00017614
9.2953e-05
9.9754e-05
0.00011732
8.6885e-05
7.9036e-05
0.0001065
8.5562e-05
0.00010033
0.00070168
0.00098728
0.00082143
0.00057591
0.00078298
0.00088933
0.00095899
0.00013742
0.00075139
0.0006992
0.00021879
9.8138e-05
0.00014274
0.00011657
0.00017841
9.4391e-05
8.8449e-05
0.00012719
0.00012307
0.00012425
6.9898e-05
0.00010051
8.9183e-05
0.00019792
0.00011155
0.00014185
0.00010269
0.00011653
0.00012677
0.00010565
7.5839e-05
0.00010627
0.00011132
8.6977e-05
0.00018539
0.00010317
0.00017134
0.00014453
0.0001342
0.00011648
8.257e-05
7.6859e-05
0.00010502
8.3577e-05
0.00014127
9.8361e-05
9.2654e-05
9.7325e-05
0.00016523
0.00021216
0.00078787
0.00076601
0.00042254
0.00077271
0.0006561
0.00067563
0.00078205
0.00075221
0.0007912
0.00022188
6.9898e-05
0.00021318
0.00017345
0.00011519
0.00015363
0.00016765
0.00026474
0.0001738
0.00013363
6.9898e-05
0.00011954
0.00025403
0.00011662
7.5839e-05
0.00013472
0.00026975
0.00013525
0.00016313
0.00017796
8.6706e-05
8.4664e-05
0.00019128
0.00013208
0.00019875
0.00033192
9.5505e-05
0.00011864
0.00010485
7.803e-05
0.00010305
0.00021623
0.00012702
0.00029389
0.00019
9.5143e-05
0.00027296
0.00014063
9.8791e-05
8.1549e-05
0.00015683
0.00013682
0.00010683
0.00013862
0.00053369
0.00029004
0.00027449
0.00011138
7.7097e-05
0.00012815
0.00019682
7.6455e-05
7.6455e-05
8.3985e-05
7.6455e-05
7.6455e-05
0.00013608
7.6455e-05
0.00018853
9.0788e-05
0.00026652
0.00012909
0.00015794
0.0004246
0.00013138
8.3572e-05
0.00027732
7.763e-05
9.5568e-05
8.5781e-05
0.00029342
0.00010371
7.8671e-05
7.8671e-05
8.6351e-05
9.8947e-05
8.4612e-05
0.00026765
0.00011651
0.00011683
7.8671e-05
0.0001962
0.00011838
0.0002227
0.00011511
0.00010155
8e-05
9.5015e-05
0.00013076
9.7136e-05
0.00010513
9.0137e-05
8.9219e-05
9.2679e-05
0.00011578
0.00018555
0.00014433
0.00018903
0.00012122
0.00017209
9.4415e-05
8.1124e-05
9.8619e-05
0.0001533
8.0845e-05
0.00068804
0.00099693
0.00060686
0.00094773
0.00094399
0.00015336
0.00080723
0.00057679
0.00050551
0.00016924
0.00033838
0.00012719
0.00011308
0.00011393
0.00010826
0.00029032
0.00011593
9.4996e-05
0.0001197
7.7961e-05
0.00011079
0.00017654
8.5384e-05
0.00011456
7.7961e-05
0.00010715
0.00010629
7.8975e-05
0.00013614
0.00017198
0.00026497
0.00011336
8.9835e-05
0.00012331
0.00013393
0.00012096
0.00011273
9.2077e-05
8.7419e-05
0.00017763
8.0195e-05
0.00011727
9.6846e-05
8.8787e-05
8.0195e-05
0.00011503
7.6394e-05
0.00018393
8.523e-05
0.00011421
9.3584e-05
0.00021047
0.00010399
0.00010801
8.4895e-05
7.7115e-05
0.00013049
8.2224e-05
0.00020952
8.2224e-05
0.00014551
8.2224e-05
0.00012506
8.2224e-05
0.00011584
0.00021225
0.00011128
0.00021979
0.00010246
8.8048e-05
0.00014916
0.00010638
0.00010875
0.00014068
0.0003458
0.00019028
0.00014045
0.0001794
8.1826e-05
0.00014621
8.1826e-05
8.1826e-05
8.1826e-05
0.00010451
0.00016188
0.00015902
0.0001404
0.00014625
0.00013742
0.00011416
0.00017024
8.9707e-05
0.00014504
0.00010174
9.3639e-05
0.00015812
0.00011684
7.994e-05
8.9311e-05
0.00021993
0.00035311
0.00019951
8.8701e-05
7.994e-05
0.00010675
7.6399e-05
9.2368e-05
0.00019562
8.2334e-05
8.3173e-05
0.00011445
8.4359e-05
0.00011106
0.00017046
0.0002415
0.00021315
0.0002845
0.00016404
0.00010614
0.00011004
0.00027691
0.00020743
0.00012085
0.00013533
0.00044198
0.00016767
6.9898e-05
7.5839e-05
0.00011914
7.5839e-05
0.00012774
8.4146e-05
7.5839e-05
8.633e-05
0.00015869
7.5839e-05
0.00012759
0.00010845
0.00012631
0.00015198
0.00016276
0.0001752
8.0716e-05
8.0716e-05
0.00012026
0.00010257
7.8557e-05
7.8557e-05
0.00011741
0.00013704
0.00010773
9.1559e-05
7.8557e-05
0.00016982
0.00022854
0.00010463
0.00070769
0.00010557
0.00013301
0.00015669
0.00015141
0.00018146
8.839e-05
0.00018194
0.00025227
0.00016328
0.00022472
8.2448e-05
0.00011481
0.00023044
0.00013498
0.00010588
0.0001797
0.00012013
0.00018297
0.00027332
0.00017827
0.00016625
0.00015
8.7146e-05
0.00022258
0.0001399
8.7879e-05
0.00014953
0.00017733
0.00010577
9.2486e-05
8.6041e-05
0.0002333
0.00013592
0.00013592
0.00025375
0.00013592
0.00013592
0.00018187
0.00017657
0.00017173
9.9838e-05
0.0001373
0.00010113
9.0803e-05
9.0745e-05
0.0001518
8.4188e-05
0.00014519
9.975e-05
8.4188e-05
0.00014058
8.1835e-05
0.00013911
8.1835e-05
0.00010808
0.00013859
0.00013086
0.00010168
8.1835e-05
0.00012414
0.00010463
0.00010061
0.00013812
0.00010765
0.00014597
7.8811e-05
9.2051e-05
9.1053e-05
0.00017459
0.0001231
0.00016045
0.00010616
0.00013965
9.8503e-05
0.0002296
8.5085e-05
0.00021016
0.00019698
0.00018193
0.00019335
7.7264e-05
8.063e-05
8.7553e-05
0.00019898
8.2975e-05
0.00021655
9.6702e-05
0.00011429
7.6462e-05
7.8203e-05
0.00018796
0.00020342
0.00012934
0.0002298
0.00017354
7.6547e-05
0.00011569
8.2488e-05
0.00030946
0.00015964
0.00021297
0.00012515
0.00012321
0.00013706
8.4864e-05
0.00010794
0.00026232
0.00010363
8.6041e-05
0.00010294
0.00015498
0.00016835
0.00017997
6.9898e-05
0.00010724
0.00015373
0.00015473
0.00020084
0.0003285
7.5839e-05
0.00010152
7.5839e-05
7.5839e-05
0.00014005
0.00010827
8.3138e-05
0.00016942
0.00012967
9.9731e-05
0.00016671
0.00055323
8.6754e-05
0.00015459
0.00010417
0.00031419
9.157e-05
0.00017349
0.0007294
0.00017773
6.9898e-05
0.00010317
7.5839e-05
7.5839e-05
0.00016132
0.00035846
0.00020233
0.00090763
9.3253e-05
0.00013592
8.234e-05
0.00010218
0.0006073
0.00012026
0.00017835
0.00012882
0.00011336
0.00016264
0.00015367
0.00017523
0.00010037
6.9898e-05
0.00015518
8.4854e-05
0.00013096
0.00016031
7.5839e-05
0.00011765
0.00010112
0.00014911
8.246e-05
0.00017299
0.00010231
0.00019431
9.9371e-05
0.00010887
9.6072e-05
0.00017409
0.00014005
6.9898e-05
7.5839e-05
8.3837e-05
0.00013593
9.7846e-05
0.00011167
8.178e-05
7.5839e-05
7.5839e-05
8.8919e-05
0.00021187
0.00013541
0.00011979
8.0857e-05
9.9332e-05
0.00017117
0.00016569
0.00042862
0.00010224
6.9898e-05
0.00011344
8.26e-05
0.00012307
0.00012797
0.00033764
8.8669e-05
8.9395e-05
8.9947e-05
0.00010028
8.5152e-05
9.0242e-05
9.2966e-05
9.5144e-05
7.8474e-05
6.9898e-05
9.2148e-05
7.5839e-05
0.00019687
7.5839e-05
7.5839e-05
7.5839e-05
0.00022381
0.00011944
0.00010008
0.00012907
0.00012401
0.00010813
9.8818e-05
0.00014328
0.00012017
8.3272e-05
0.0001075
0.00026227
9.4043e-05
6.9898e-05
9.6172e-05
0.00010805
0.0001284
0.00013148
0.00018888
0.00012494
7.5839e-05
0.00012244
0.00016125
9.3458e-05
0.0001789
7.7863e-05
8.8624e-05
9.456e-05
0.00012379
9.0246e-05
0.00021897
9.7013e-05
9.1639e-05
9.2744e-05
8.5506e-05
0.00010168
0.00012958
7.8567e-05
7.8567e-05
0.00010601
9.5808e-05
0.00015041
0.00011522
8.5704e-05
7.8567e-05
7.8567e-05
0.00011849
0.00024025
0.00010752
0.00024042
0.00018376
0.00012521
0.00026116
8.1113e-05
9.483e-05
0.00022172
7.7993e-05
0.00010699
0.000184
7.7993e-05
0.00067548
8.553e-05
0.00014514
0.00012085
0.00030012
0.00014572
0.00033337
0.00012144
0.00012711
0.00017741
0.00011452
9.0675e-05
6.9898e-05
0.00012244
9.9428e-05
7.5839e-05
0.00010881
0.00014044
0.0001095
0.00021454
0.00051499
0.00088709
0.00012235
6.9898e-05
7.5839e-05
0.00012573
0.00013909
0.00012985
8.7675e-05
9.0142e-05
7.5839e-05
0.00010121
0.00021959
0.00050279
0.00011147
8.6995e-05
8.3229e-05
0.0001596
0.00017412
0.00012664
0.00019329
0.00018344
0.00016868
0.00022109
9.5897e-05
7.8085e-05
0.0001711
0.00016658
0.0003252
0.00013037
0.00011071
0.00013901
8.8175e-05
0.00016233
7.8085e-05
0.00087874
0.00016712
0.00016198
0.00013972
0.00013212
0.00013212
0.00014637
0.00015863
0.00013806
0.00016458
0.00013212
0.00075992
0.00024987
0.00016797
0.00020536
0.00033959
0.00015187
0.00013447
0.00016239
0.00025373
0.0001664
6.9898e-05
0.00022349
0.0001412
0.00030723
8.5828e-05
0.00010606
8.6744e-05
7.5839e-05
8.4839e-05
0.00011575
8.8888e-05
7.969e-05
7.969e-05
7.969e-05
0.00018403
0.00012861
0.00010946
0.00018937
0.00010256
0.00030332
0.00031245
9.2133e-05
0.000382
0.00017026
0.00016416
0.00015372
0.00010407
0.0001664
0.00016253
0.00010984
0.0001194
9.5565e-05
0.00010558
0.00013871
8.3729e-05
8.3729e-05
9.3491e-05
0.00012195
8.7144e-05
0.00011802
0.00021002
7.7328e-05
0.0001146
7.7328e-05
9.0506e-05
0.00011642
0.00010323
0.00010355
9.6316e-05
7.9004e-05
0.00030215
0.00020424
9.3138e-05
9.7618e-05
7.8247e-05
0.00028989
9.0997e-05
0.00016736
0.00031369
0.00024992
0.00011027
8.5466e-05
0.00012312
0.00025511
7.6552e-05
0.00011455
0.00013298
0.00014066
8.7936e-05
0.00013648
8.0694e-05
0.00011385
0.00011514
0.00012035
6.9898e-05
9.1708e-05
9.3205e-05
0.00021672
0.00012006
0.00010653
0.0001549
6.9898e-05
0.00011328
8.3181e-05
7.5839e-05
0.00017543
0.00012206
9.2451e-05
0.00013477
0.00024233
8.6059e-05
6.9898e-05
7.5839e-05
0.00013728
7.5839e-05
0.00014774
0.00014097
7.5839e-05
0.00026186
0.0001077
0.00016688
0.00021473
0.00066713
0.00019029
0.00028219
0.00015997
0.00013932
0.00018328
0.00010035
0.00015785
0.00011651
0.00013013
0.0001888
0.00017827
0.00010619
0.0001436
8.4865e-05
8.4865e-05
0.00016635
0.00012357
0.00010472
0.000209
0.00039646
0.0010427
9.5235e-05
0.00026028
7.8113e-05
0.00010447
0.00013053
0.0001486
0.00034258
0.00015453
7.7879e-05
8.8356e-05
7.6519e-05
9.2485e-05
0.00011841
0.00010303
0.00012675
0.00025969
0.00014565
8.1734e-05
0.00012137
8.7675e-05
0.00014128
6.9898e-05
0.00013745
8.3839e-05
0.00010185
0.00022765
0.00011253
0.00011924
0.0002009
0.00028996
0.00011119
0.00011176
0.00011482
0.00011889
0.00022245
0.00011955
0.00015338
0.00012004
0.0001438
8.1126e-05
8.1126e-05
0.00011575
0.00010555
0.00014004
0.00014272
0.00043513
9.464e-05
8.7209e-05
0.00036906
0.00011886
0.00012701
9.9005e-05
0.00013338
0.00011564
8.8453e-05
0.00011087
0.00011899
0.00010188
0.00012295
0.00014796
8.1337e-05
8.1337e-05
9.7983e-05
8.9374e-05
7.9106e-05
0.00054794
0.00012062
0.00015624
0.000221
0.00011134
0.00010698
8.8045e-05
0.00017561
9.3987e-05
9.3673e-05
0.00016031
9.4199e-05
0.00018733
7.791e-05
7.791e-05
0.0001072
0.00011653
9.0051e-05
0.00018516
0.00017994
0.00022728
0.00015197
0.0001482
0.00016488
0.00039854
0.00020534
0.00015391
0.00029879
0.00026016
0.00014133
8.1842e-05
0.00012809
0.00017032
0.00012355
0.00013761
0.00027696
0.00012002
9.964e-05
0.0001934
8.9813e-05
8.1582e-05
8.1582e-05
0.00013712
0.00013273
0.00011539
0.00022311
0.00016488
0.00011755
0.00027598
0.00017871
0.0001818
0.00020181
0.00011633
0.0003367
0.00013431
0.00013518
8.5566e-05
0.00010715
8.5566e-05
0.00010084
0.00010538
0.00010741
0.00010816
0.00015338
0.00020449
0.00011513
0.00010807
0.00016331
8.7685e-05
0.00010906
0.00015529
7.9049e-05
0.00020822
9.9722e-05
0.00016267
0.00015103
0.0001237
0.00022017
0.00024216
0.00014159
7.8306e-05
0.00012786
7.8306e-05
0.00011976
6.9898e-05
0.00011683
8.3675e-05
0.00010326
8.6188e-05
0.00010824
7.6499e-05
7.6499e-05
7.6499e-05
0.00010195
7.8384e-05
7.8384e-05
7.8384e-05
8.9201e-05
0.00011286
0.00011337
8.496e-05
9.6929e-05
0.00018626
0.00011423
9.1914e-05
9.9997e-05
0.0001365
7.813e-05
7.813e-05
0.0001269
0.00010837
9.1606e-05
0.00044028
0.00018051
7.7698e-05
7.7698e-05
7.7698e-05
8.5564e-05
6.9898e-05
0.00010446
0.00011892
9.9503e-05
0.0001035
9.013e-05
7.6437e-05
0.00032851
0.00020591
0.00012966
0.00012879
0.00015411
0.00010174
0.00013017
0.00012555
0.00011514
0.00020638
0.00015468
0.00010506
0.00024099
0.00022588
0.00023125
0.00040926
0.00013945
0.00015043
0.00013945
0.00014624
0.00013945
0.00013945
0.00014946
0.00012765
0.00013396
0.00013924
0.00022926
0.00010875
8.1624e-05
0.00021344
0.00010175
8.6358e-05
0.00027179
7.761e-05
0.00016328
0.00020222
0.00027368
0.00011393
0.00021241
0.00011669
0.00016118
0.0001378
0.00012835
0.00011585
0.00016737
0.0002971
0.00014931
0.00014597
0.00017281
0.00011999
8.258e-05
0.00015569
9.8608e-05
9.7439e-05
0.00010785
9.3518e-05
0.00012402
9.2067e-05
0.00010961
0.00010292
9.1746e-05
7.9109e-05
6.9898e-05
9.7632e-05
0.00015286
0.00013825
0.00050282
0.00010786
9.655e-05
9.5605e-05
8.0331e-05
8.0331e-05
8.0331e-05
9.9267e-05
0.00013969
8.1822e-05
8.1822e-05
8.1822e-05
8.1822e-05
8.1822e-05
8.1822e-05
8.1822e-05
8.1822e-05
8.1822e-05
8.1822e-05
8.6026e-05
0.00054901
0.00027339
0.00011572
0.00022502
9.6443e-05
0.00019247
0.00027021
0.00015473
0.00019693
7.6529e-05
0.00013596
7.7128e-05
7.7128e-05
8.3931e-05
0.00011689
9.6939e-05
0.00010668
7.7128e-05
0.00015419
0.00015974
0.00016139
0.00011766
0.00019235
0.00013629
0.00016391
0.0001934
0.00011297
8.2867e-05
8.5226e-05
7.6953e-05
0.00024704
0.00013293
0.00014314
0.00010045
7.6953e-05
7.6953e-05
0.00010317
0.00012751
0.00014496
8.0585e-05
8.0585e-05
0.00010466
0.00012346
0.00027192
8.0585e-05
0.00010449
6.9898e-05
0.00022275
8.178e-05
0.00014143
8.2493e-05
7.5839e-05
0.00019909
0.00010559
9.4567e-05
0.00020335
7.8819e-05
0.00012514
0.00012892
0.00011452
7.9587e-05
0.00014883
7.9587e-05
0.00010873
0.00010159
0.00010457
0.00046904
0.0004806
0.00014108
9.3085e-05
0.00015094
0.00012543
0.00015213
0.00013918
0.00019708
0.00013203
0.00014997
0.00011409
0.00011348
8.2489e-05
8.2489e-05
9.0212e-05
8.2489e-05
8.2489e-05
0.00010451
7.7918e-05
0.00010551
9.0588e-05
8.6663e-05
9.5097e-05
0.00014839
7.6525e-05
8.4303e-05
0.0001241
9.4499e-05
0.00013591
7.8812e-05
7.8812e-05
8.7641e-05
0.00013563
8.8082e-05
8.1426e-05
0.00012724
0.00012202
8.8388e-05
6.9898e-05
9.9604e-05
0.00019523
8.6486e-05
9.6622e-05
9.4332e-05
0.00010141
0.00010649
0.00011754
8.2336e-05
8.2336e-05
8.2336e-05
0.00024421
0.00010037
8.2336e-05
0.00013936
0.00012984
0.00013505
0.00012492
0.00013888
0.00011317
0.00014939
0.00032014
9.7098e-05
0.00011786
8.4397e-05
0.00011045
0.000134
0.00014157
0.00025048
0.00011013
9.142e-05
0.00019648
0.00021578
0.00019677
0.00014117
0.00020867
0.00013145
0.00012885
0.00026866
0.00015569
0.00010288
0.00011684
0.0001108
0.00012819
7.9539e-05
7.9539e-05
0.00011242
7.9539e-05
0.0001357
0.00019589
0.00011911
0.00019763
0.00012289
0.0001036
0.00010176
9.7551e-05
6.9898e-05
0.00018096
0.00011789
8.178e-05
9.6568e-05
0.00012487
0.00034409
0.00016338
0.00011894
8.1085e-05
0.0001277
0.00010243
0.00031605
0.00029509
0.00011577
8.2422e-05
0.00011309
0.00021966
0.00011693
0.00024883
0.00015347
0.00013022
0.00011886
0.00018546
9.1948e-05
0.00018978
0.0001323
0.00010111
0.00010302
9.8296e-05
0.00022823
7.6743e-05
0.00010551
0.00010864
7.641e-05
7.641e-05
7.641e-05
7.641e-05
0.00017808
0.00010922
0.00012954
0.0001819
0.00010109
0.00013917
0.0001098
0.00011159
8.0449e-05
8.0449e-05
8.0449e-05
0.00010297
8.7149e-05
9.4985e-05
8.0449e-05
0.00011474
7.9651e-05
9.6662e-05
9.0295e-05
0.00012411
0.00026038
8.6868e-05
0.00012331
0.00018243
7.9651e-05
0.0001655
0.00012419
0.00017643
0.00027223
8.8594e-05
0.00014069
7.8531e-05
0.00011705
0.00018948
0.00021075
0.00016834
0.00015293
0.00017546
0.00019376
7.6922e-05
0.00016264
0.0001149
0.00015942
0.0001052
0.0001192
0.00012959
0.00016363
6.9898e-05
0.00011229
0.00010209
9.0843e-05
0.00014694
9.2268e-05
0.00011903
0.00014052
0.00010631
7.5839e-05
0.00011378
0.00010938
7.9575e-05
0.00013394
0.00011903
0.00016611
7.9575e-05
7.9575e-05
7.9575e-05
0.00015449
8.2983e-05
0.00012735
0.00010336
0.00011726
8.2983e-05
8.2983e-05
9.0202e-05
0.00011602
0.00010788
8.0904e-05
6.9898e-05
9.5675e-05
0.00027532
8.4846e-05
0.00018858
0.00015021
0.0002224
0.00013319
0.00010989
0.00016578
9.4521e-05
9.6194e-05
7.7918e-05
0.00012989
0.00016947
0.00011403
0.00019007
7.7918e-05
0.00023726
9.6301e-05
0.00019636
0.00012378
0.00011032
9.8243e-05
0.00010763
0.00019079
0.00012091
0.00029538
0.00013063
0.0001225
0.00013391
0.00010221
0.00036978
0.00016791
0.00012072
9.3075e-05
0.0001193
9.0694e-05
0.00010626
0.0001746
0.00011475
8.0117e-05
8.7254e-05
0.00010029
7.8456e-05
9.7742e-05
0.00010205
8.7378e-05
0.00010365
9.3938e-05
0.0001301
0.00011508
0.00016802
0.00010694
0.00012718
0.00014356
0.00021146
0.00019603
0.00010016
9.3504e-05
0.0001712
6.9898e-05
7.5839e-05
9.7319e-05
7.5839e-05
0.00013662
8.7013e-05
0.00014598
0.00013432
7.5839e-05
7.5839e-05
9.9161e-05
0.00023744
0.00016831
0.0001425
0.00019032
0.00024247
6.9898e-05
7.5839e-05
0.00011397
0.00013815
0.00023526
9.6512e-05
0.00012668
0.00010351
9.3474e-05
8.2943e-05
6.9898e-05
0.0001847
0.00012782
0.00016594
0.00015006
6.9898e-05
9.4844e-05
0.00013951
0.00010773
0.00014874
0.00010968
0.00013512
0.00039183
0.00019336
0.00011432
0.001065
0.00016887
0.00010516
9.2502e-05
9.7755e-05
0.0003946
0.00014895
0.00013372
0.0002658
0.00010565
6.9898e-05
8.6821e-05
7.5839e-05
0.00018293
7.5839e-05
0.00014161
0.00022614
0.0001725
0.00020065
8.186e-05
0.00017413
0.00027537
8.5459e-05
0.00011002
9.6281e-05
9.7225e-05
0.00018564
8.9509e-05
7.914e-05
9.2795e-05
0.00025924
0.00011163
9.2498e-05
0.00011066
7.914e-05
0.00013462
0.00011335
0.00012849
0.00018072
0.0001903
0.00014578
0.00013326
0.00017808
8.0542e-05
8.6483e-05
8.0542e-05
9.7987e-05
0.00014123
9.507e-05
0.00010691
0.00019076
8.8758e-05
8.4763e-05
0.0001892
7.8317e-05
0.00013628
7.8317e-05
0.00012947
7.8317e-05
0.00012817
0.00012713
0.0001126
0.00012326
8.0756e-05
8.9524e-05
8.9432e-05
7.8341e-05
0.00021277
0.00023639
7.8341e-05
9.2864e-05
7.8341e-05
7.9713e-05
8.7889e-05
8.3687e-05
7.7015e-05
8.4841e-05
9.021e-05
0.00013016
0.00019377
0.00011783
8.5395e-05
9.4162e-05
8.4474e-05
7.7935e-05
9.1476e-05
7.7935e-05
7.7935e-05
7.7935e-05
8.8624e-05
0.00020098
0.00020851
6.9898e-05
0.00014736
0.00022795
8.2416e-05
0.0001809
0.00018309
0.000104
0.00011116
0.0001088
0.00028598
0.00019091
7.7267e-05
0.00023684
7.6467e-05
7.6467e-05
0.00025993
0.00027637
8.8801e-05
0.00012532
0.00010441
7.7464e-05
7.7464e-05
9.809e-05
0.00012355
0.00013115
0.00010189
7.7464e-05
0.00020552
0.00031584
0.00011666
0.00016726
0.00024329
0.00010237
0.00016066
0.00013465
0.00020839
0.00023595
8.4305e-05
0.00020997
0.00010716
0.00012386
0.00024259
0.00011661
9.5637e-05
0.00022676
0.00010943
0.0001932
0.00021075
0.00018697
0.00010675
0.00010384
0.00017942
0.00010846
9.4419e-05
0.00012501
0.00011186
0.000135
0.00027277
9.0581e-05
8.0588e-05
7.9547e-05
0.00023013
0.00014017
0.00015713
0.0001195
0.00013069
9.3769e-05
8.9276e-05
6.9898e-05
8.3248e-05
7.5839e-05
0.00012515
0.00013226
8.4929e-05
0.0001373
6.9898e-05
7.5839e-05
9.0613e-05
0.00010389
0.00015005
0.0001197
7.5839e-05
0.00012649
0.00010661
0.00014864
0.00027268
0.00012465
0.00014825
9.2413e-05
9.1448e-05
8.744e-05
7.7678e-05
0.00010842
0.00019003
7.2038e-05
0.00013828
0.00019676
7.602e-05
0.00011302
0.00011823
0.00013542
8.5115e-05
7.795e-05
0.00010179
0.00014679
0.00010487
0.00015118
7.8795e-05
7.8795e-05
0.00022459
0.00011055
0.0001744
0.00011345
0.00016328
0.00020768
7.9604e-05
0.00021454
0.00010754
8.7273e-05
0.00010153
0.00010342
0.00011429
0.00011877
0.00017162
7.9957e-05
8.7656e-05
0.00011841
7.9957e-05
6.9898e-05
0.00021919
7.5839e-05
8.5373e-05
0.00013743
8.4541e-05
0.00030816
0.00015191
7.5839e-05
9.473e-05
9.8416e-05
0.00014064
7.6344e-05
0.00015017
0.00022673
0.00021531
8.285e-05
0.00024223
0.00020748
8.7557e-05
8.7557e-05
9.1814e-05
0.00012335
0.00011471
9.5847e-05
0.00014578
0.0001787
0.00010838
9.9744e-05
0.00015145
0.00015687
0.00027809
7.9772e-05
0.00052146
6.9898e-05
8.5314e-05
0.00014206
0.00010671
9.2075e-05
0.00015001
7.9939e-05
8.3283e-05
7.666e-05
0.00027883
0.0001031
8.2601e-05
8.8394e-05
7.6394e-05
0.00016249
8.9248e-05
8.3806e-05
9.1852e-05
7.6393e-05
0.00011316
9.3314e-05
0.0001671
0.00011865
0.0001004
0.00021578
8.5984e-05
0.00010769
0.00018348
8.3244e-05
0.00022149
7.9079e-05
0.00013186
7.9079e-05
0.00012558
0.00010851
9.2177e-05
0.00012621
7.8684e-05
7.9598e-05
0.00010335
0.00013423
0.0001485
0.00010317
8.6796e-05
8.4297e-05
0.00017352
8.8721e-05
7.7066e-05
8.4357e-05
7.7533e-05
0.00010662
7.8988e-05
8.633e-05
9.2271e-05
7.8988e-05
0.00016519
9.0895e-05
0.00025795
8.4968e-05
0.00015986
8.6786e-05
9.3916e-05
7.7127e-05
8.915e-05
0.00011586
6.9898e-05
7.5839e-05
0.00010529
0.00014718
0.00011682
9.0778e-05
0.00010502
8.6333e-05
0.00019923
8.8717e-05
0.00018096
0.00013062
8.8717e-05
0.00011915
0.00014889
0.00014624
8.6928e-05
0.00011739
9.222e-05
6.9898e-05
8.3697e-05
7.6499e-05
0.00021846
7.6499e-05
0.00013818
7.6499e-05
9.8105e-05
0.00039106
7.9453e-05
0.00015482
0.00014696
0.00011689
8.8951e-05
8.3796e-05
7.6654e-05
0.000105
0.00011007
7.6654e-05
7.7029e-05
9.7446e-05
0.00026368
9.8707e-05
8.9342e-05
6.9898e-05
0.00019848
0.00011993
9.6883e-05
8.7938e-05
0.00014333
8.0048e-05
0.00010598
0.00011377
0.0001254
0.00019942
0.00011758
9.5934e-05
0.00019797
7.897e-05
0.00013878
9.0852e-05
0.00015889
9.4129e-05
9.2569e-05
0.000159
0.00010515
0.00012137
9.0973e-05
0.00018168
0.0002151
8.8131e-05
9.7653e-05
0.00026878
9.6297e-05
0.00015949
0.00014198
0.00012059
0.00015811
9.2973e-05
7.7797e-05
0.00011329
0.00017892
0.00010396
7.7797e-05
7.7797e-05
0.00014634
7.7106e-05
8.796e-05
0.00010661
0.00010752
0.00012606
7.7106e-05
7.7106e-05
0.00013925
8.4936e-05
7.7104e-05
0.00019873
0.00010185
0.00010651
0.00017516
9.3514e-05
9.2115e-05
0.00016098
8.4295e-05
7.7799e-05
9.9779e-05
0.00011315
0.00010948
0.00010795
0.00018345
0.00021613
9.2953e-05
8.8786e-05
0.00010984
7.9262e-05
0.00015518
7.6624e-05
0.00010155
0.00011124
8.3555e-05
0.00015177
0.0001855
8.4371e-05
0.00016516
6.9898e-05
7.5839e-05
8.2478e-05
9.6921e-05
7.5839e-05
9.6477e-05
0.00011952
0.00010596
7.857e-05
9.4699e-05
0.00010271
8.4e-05
9.909e-05
8.648e-05
8.8892e-05
9.9431e-05
7.701e-05
0.00013841
8.2951e-05
0.00015007
0.00024954
9.0311e-05
0.00010743
0.00012131
6.9898e-05
7.6499e-05
7.6499e-05
0.00020043
7.6499e-05
7.6499e-05
0.00013529
8.8989e-05
0.00020364
0.00014623
8.1401e-05
9.6371e-05
6.9898e-05
0.00027889
8.6117e-05
8.3262e-05
6.9898e-05
8.8276e-05
8.3126e-05
7.5839e-05
0.00010407
0.00016733
9.9576e-05
0.00010312
7.8659e-05
7.8659e-05
0.00016033
0.00010687
0.00010151
0.00013486
0.0001617
0.00016752
0.00025176
0.00025737
0.00015754
0.00019282
9.293e-05
0.00013061
0.0001633
0.00015588
0.00011678
0.00012269
0.00011184
0.00021345
0.00013896
0.00017677
9.1456e-05
8.1831e-05
0.00014839
0.00014125
9.3424e-05
0.00013585
6.9898e-05
7.5839e-05
0.00011912
7.5839e-05
0.00025662
8.3099e-05
7.6959e-05
0.00011703
0.00014757
9.1417e-05
8.5061e-05
9.3268e-05
0.00013735
8.5959e-05
0.00015188
0.00022342
0.00010382
6.9898e-05
0.00016677
0.00011263
0.00024543
0.00011263
0.00011368
0.00018884
0.00015072
9.5685e-05
0.00010092
0.00010906
0.00015518
0.00016142
0.00011171
7.798e-05
0.00011207
0.00015889
8.3079e-05
9.6151e-05
9.3007e-05
7.6528e-05
0.00013833
7.6528e-05
0.00010099
0.00010915
8.6384e-05
0.00014045
0.00016335
0.00010895
0.00010979
0.00011244
7.9503e-05
0.00012452
0.00016509
0.00019527
0.0001622
0.00017918
0.00011801
8.745e-05
0.00013168
0.00012339
9.9668e-05
0.00015164
0.00012268
0.0001592
8.4597e-05
0.00015288
9.8115e-05
8.6262e-05
9.5606e-05
7.935e-05
6.9898e-05
0.00010422
8.586e-05
0.00012466
9.8061e-05
7.8375e-05
0.00021739
9.1898e-05
0.00010536
0.00016515
7.8375e-05
0.00012602
0.00014891
0.00014832
8.8497e-05
0.00011306
9.0807e-05
0.00017555
8.9667e-05
0.00015064
0.00012747
0.00011465
0.00011538
9.9995e-05
0.00014047
8.3961e-05
0.00010761
0.00018441
9.0601e-05
0.00015313
0.00022211
0.00016232
0.00015243
0.00013411
6.9898e-05
0.00029579
0.00010767
8.864e-05
0.00012659
9.5309e-05
0.00029733
0.00018417
6.9898e-05
0.00012518
0.00011888
0.0002611
8.178e-05
9.7562e-05
0.00020902
0.00023748
6.9898e-05
8.3878e-05
9.5306e-05
0.00019667
9.8933e-05
9.3562e-05
8.8136e-05
8.3443e-05
0.00010631
8.751e-05
9.6831e-05
0.00025607
0.00023116
9.8459e-05
0.00026189
0.00028197
0.00024752
0.00030287
0.00015962
7.0812e-05
0.00020632
0.00018068
9.4882e-05
0.00010935
9.5095e-05
0.00017604
8.7964e-05
0.00013256
0.00011822
0.00010638
7.7964e-05
0.00010055
6.9898e-05
0.00010729
0.00016945
0.00011066
0.0001611
7.4538e-05
0.00024046
0.00023213
7.6235e-05
7.6235e-05
8.9238e-05
8.2843e-05
7.6235e-05
9.5124e-05
7.9524e-05
6.9898e-05
0.00021231
0.00027616
0.00020249
0.00020963
7.5839e-05
8.8448e-05
0.00022479
0.00014963
0.0002727
0.00013762
0.00017679
0.0001839
8.5584e-05
0.0001597
0.00022589
0.00016087
0.00013454
9.603e-05
0.00012551
7.9174e-05
7.9174e-05
0.00011179
0.000269
0.00011299
0.0001048
0.00016292
9.139e-05
0.0001069
7.9508e-05
0.00022882
0.00026997
9.7447e-05
9.3474e-05
0.00012041
0.00011286
6.9898e-05
0.00012148
7.5839e-05
0.00022411
0.00012586
0.00014045
0.00027407
8.7824e-05
0.00010176
9.5588e-05
0.0001559
8.1264e-05
8.8439e-05
9.6085e-05
6.9898e-05
9.6198e-05
9.7179e-05
9.4357e-05
0.00015999
8.4673e-05
0.00015
0.00015957
9.639e-05
8.491e-05
9.9057e-05
9.3724e-05
0.00010201
0.00011954
0.00011831
0.00012677
0.00010986
0.00011648
8.1775e-05
0.00016797
0.00019074
0.00013037
9.9834e-05
0.00032374
0.00016324
9.4425e-05
0.00010363
8.3755e-05
8.3755e-05
6.9898e-05
0.00010296
0.00010308
9.6253e-05
8.9613e-05
8.4304e-05
8.6431e-05
0.00011358
0.00011224
7.7067e-05
7.7067e-05
9.2375e-05
0.00014032
0.00015141
0.00013136
8.7621e-05
0.0001015
0.00010541
0.00015283
0.00010246
0.00013171
0.00013675
0.00010377
0.0001111
8.7944e-05
0.00013029
0.00013509
7.7015e-05
7.6449e-05
8.59e-05
8.3685e-05
0.00017921
0.00012661
0.00025374
0.00026235
0.000151
0.000151
0.00016587
0.0002907
0.00017072
0.00017434
0.00012969
0.00011803
8.0924e-05
0.00019041
0.00011808
0.00017623
8.248e-05
9.3467e-05
0.00011849
8.248e-05
8.6723e-05
0.00015095
7.7269e-05
0.00013427
0.00028025
0.00024392
0.00010552
0.00023905
8.6275e-05
0.00011763
7.989e-05
7.989e-05
0.00011074
7.989e-05
7.989e-05
6.9898e-05
0.00017416
9.4538e-05
0.00013148
7.5839e-05
6.9898e-05
0.00012931
0.00010546
7.8898e-05
9.3075e-05
6.9898e-05
7.6499e-05
7.6499e-05
7.6499e-05
7.6499e-05
0.00019154
0.00015806
0.00010456
0.0001034
0.00018263
9.8795e-05
0.00011526
7.8304e-05
8.6755e-05
8.6417e-05
0.00010257
9.2616e-05
7.8304e-05
0.00010473
8.5314e-05
0.00011623
6.9898e-05
7.5839e-05
0.00011788
0.00010266
6.9898e-05
0.00012338
9.515e-05
0.00020866
0.00012501
7.7896e-05
0.0001638
0.00025329
0.00010962
7.654e-05
7.8162e-05
9.2395e-05
9.9732e-05
9.5218e-05
7.6537e-05
6.9898e-05
0.00012159
8.5123e-05
0.00010175
0.00013484
8.9608e-05
6.9898e-05
0.00015341
0.00012802
0.00013688
0.00016861
6.9898e-05
7.5839e-05
0.00019107
0.00011254
8.3804e-05
0.00010187
0.00012439
6.9898e-05
0.00028656
0.00017772
0.00015113
0.00013764
8.986e-05
6.9898e-05
8.6837e-05
7.7214e-05
0.00011983
0.0001939
0.00022704
7.7769e-05
0.00011599
7.7769e-05
9.0757e-05
8.4815e-05
0.00016858
7.7769e-05
7.7769e-05
8.5556e-05
6.9898e-05
9.7917e-05
7.5839e-05
8.2473e-05
7.5839e-05
0.00010316
0.00010198
9.9726e-05
0.00013576
0.00010547
0.00011414
0.00010674
9.7958e-05
9.9025e-05
0.00011342
0.00012552
0.00013315
6.9898e-05
0.00014973
0.00010684
0.00011508
0.00010204
0.00012792
0.00011397
6.9898e-05
7.5839e-05
0.00011156
7.5839e-05
0.00018228
9.2451e-05
0.00010342
6.9898e-05
6.9898e-05
9.6418e-05
0.00019689
8.4866e-05
8.8708e-05
7.7715e-05
0.00013698
0.00018409
0.00010694
8.8228e-05
0.00010331
7.6506e-05
8.2447e-05
7.6446e-05
0.0001746
7.6393e-05
0.00012524
0.00022396
0.00025413
0.00010317
0.00014216
6.9898e-05
0.00021199
0.00013281
0.00019828
8.3266e-05
7.5839e-05
0.00014545
9.7494e-05
0.00012275
0.00012422
9.6708e-05
9.8032e-05
8.6007e-05
9.8028e-05
9.71e-05
9.4415e-05
0.0001028
0.00028486
7.8646e-05
7.8646e-05
0.00015756
8.5188e-05
7.6753e-05
0.00011777
8.521e-05
9.7293e-05
0.00018953
0.00011291
0.000135
0.00021353
0.00018408
0.00013641
0.00018017
0.00016086
0.00017337
9.4008e-05
8.6141e-05
9.9698e-05
0.00013403
0.00018817
0.00011007
8.133e-05
0.00019354
8.133e-05
8.133e-05
8.133e-05
8.9339e-05
9.0327e-05
0.00011792
0.0001119
0.00012383
7.7615e-05
0.00019875
8.6042e-05
0.00012754
7.8e-05
0.00012502
6.9898e-05
7.5839e-05
0.00018367
0.00015514
9.7208e-05
0.00019486
8.3627e-05
0.00010148
0.00016058
0.00018013
8.5258e-05
7.9288e-05
9.5531e-05
8.3231e-05
9.4941e-05
7.6393e-05
0.00011792
0.00010471
9.4298e-05
0.00020629
8.3494e-05
8.5683e-05
9.1062e-05
0.00010134
0.00011529
0.00014934
0.00013461
7.8329e-05
9.3556e-05
0.00014279
6.9898e-05
0.00012818
8.4739e-05
0.00022177
0.00011486
0.00011741
0.00013209
0.00012476
8.9325e-05
0.00012478
8.1632e-05
0.00017132
0.0001139
8.9664e-05
0.00019433
0.00016016
0.00012323
0.00014921
0.00012773
0.00011611
0.00013208
0.00029762
0.00010449
8.1115e-05
8.1115e-05
0.00011912
0.00015207
7.7812e-05
9.973e-05
0.00016182
0.00011012
7.6521e-05
8.6125e-05
8.774e-05
0.00010986
0.00028356
0.00014468
8.2229e-05
8.2229e-05
8.2229e-05
0.00014164
0.00010483
8.2229e-05
9.4021e-05
9.0101e-05
9.3559e-05
0.00014633
0.00014648
0.00010676
8.4739e-05
7.7558e-05
0.00011382
0.00014417
0.00019321
0.00013327
0.00014672
9.3293e-05
8.5507e-05
0.00010142
8.3835e-05
0.00014985
0.0001146
7.7307e-05
0.00010625
0.00011356
7.6474e-05
8.3806e-05
7.6531e-05
0.00014832
9.8098e-05
8.6922e-05
9.8485e-05
0.00018778
0.00012265
8.1463e-05
0.00010082
8.1463e-05
0.00018
6.9898e-05
0.00020186
0.00010716
0.00012742
8.8758e-05
9.7543e-05
0.0003562
7.6405e-05
6.9898e-05
0.00010341
9.0093e-05
0.00011815
0.00019299
6.9898e-05
8.552e-05
0.00015395
9.1035e-05
7.7977e-05
7.7977e-05
0.00011623
0.00010433
6.9898e-05
0.00029931
0.00011541
7.5839e-05
0.00010291
9.8582e-05
0.00010968
7.9178e-05
7.9178e-05
7.9178e-05
7.9178e-05
7.9178e-05
0.00017433
0.00017999
0.00014411
8.4863e-05
0.00017333
0.00012002
0.00010553
0.0001094
0.00020352
0.00014099
0.00017503
9.3483e-05
0.00021279
0.00010734
6.9898e-05
0.00011041
0.00010214
0.00020906
0.00016144
0.00011114
7.859e-05
0.00015895
7.859e-05
8.9807e-05
8.81e-05
0.00010435
0.00013884
0.00014688
7.7524e-05
0.0001096
0.00010023
9.104e-05
0.00013893
0.00011694
0.00013834
0.00010452
0.00013412
0.00018102
8.5351e-05
9.3152e-05
0.0001096
0.00011348
6.9898e-05
9.0986e-05
0.00014925
0.00011131
7.5839e-05
7.5839e-05
0.00010085
8.7966e-05
7.8521e-05
9.2356e-05
9.9728e-05
0.00019427
8.5824e-05
0.00012637
0.00014515
0.00016382
0.00012692
0.00011994
0.00015936
6.9898e-05
0.00014364
6.9898e-05
0.00010277
0.00010087
0.00010025
0.00010154
0.00010932
0.00013137
6.9898e-05
0.00010252
0.00013695
0.00021243
9.3147e-05
0.00014936
6.9898e-05
0.00030046
0.00030986
0.000157
0.00013171
6.9898e-05
0.00012931
7.8175e-05
0.00016868
8.3206e-05
9.8256e-05
0.00011427
0.00017666
7.6806e-05
0.00014954
0.00018676
0.0001159
0.00011878
8.2921e-05
0.00012803
0.00014519
0.00017194
8.6511e-05
9.9381e-05
7.6938e-05
7.6938e-05
8.0235e-05
6.9898e-05
0.00012422
8.8843e-05
0.00013396
8.3181e-05
7.5839e-05
9.3514e-05
0.00010045
7.6443e-05
0.00011694
0.00011156
7.7121e-05
0.00012377
6.9898e-05
8.4393e-05
0.0001151
0.00010905
8.56e-05
0.00011029
0.00010886
7.7184e-05
7.6562e-05
0.00010964
8.3611e-05
9.1136e-05
6.9898e-05
7.5839e-05
7.5839e-05
0.00010142
9.1392e-05
7.5839e-05
0.0002062
6.9898e-05
0.00015951
9.6295e-05
0.00025477
0.00017081
6.9898e-05
8.3186e-05
0.00010231
9.8655e-05
7.5839e-05
0.00010515
0.00011867
0.00012751
0.00010132
9.7718e-05
0.00025782
0.00016768
8.0845e-05
0.00012659
9.0165e-05
8.0845e-05
8.9279e-05
0.00017059
6.9898e-05
0.00016
8.6716e-05
7.0812e-05
0.00010179
0.00010816
7.0812e-05
0.00010157
0.00010585
9.3698e-05
9.7241e-05
0.00020635
0.00012208
0.0002071
0.00010967
0.00015132
0.00018058
0.0001091
7.0812e-05
7.7319e-05
7.0812e-05
0.00019418
8.4899e-05
7.0812e-05
7.2952e-05
7.0812e-05
9.5216e-05
0.00010002
9.1009e-05
9.529e-05
0.00010337
8.5884e-05
0.00013655
0.00020059
0.00011203
0.00010137
0.00010435
0.00012409
0.00019493
7.8254e-05
8.305e-05
0.0001345
0.00011571
0.00011727
7.6554e-05
0.00015289
0.00018865
6.9898e-05
8.8276e-05
0.00018037
9.9266e-05
0.00011662
7.6944e-05
8.8952e-05
0.00013083
7.6944e-05
7.6944e-05
0.0001186
0.0002309
0.00010489
9.5469e-05
0.00011231
7.805e-05
0.00021776
0.00011062
0.00014741
0.00010165
9.5357e-05
0.00019684
0.00025118
0.00016706
0.000173
0.00016024
0.00014453
9.7856e-05
0.00016308
0.00044325
0.00054998
7.6991e-05
0.00019616
0.00012786
0.00014461
0.0002051
8.0873e-05
6.9898e-05
7.5839e-05
0.0001156
8.2452e-05
0.00011336
7.5839e-05
0.00012009
0.0001071
0.00023891
9.6785e-05
9.9029e-05
9.2938e-05
9.1414e-05
7.8703e-05
6.9898e-05
0.00010838
0.0001047
8.3038e-05
7.5839e-05
0.00010751
7.5839e-05
6.9898e-05
6.9898e-05
0.00021719
0.00011477
8.4803e-05
0.00011686
8.2334e-05
0.00012467
9.3762e-05
0.00014413
8.5426e-05
8.3111e-05
0.00012851
9.8479e-05
0.00015526
6.9898e-05
8.3955e-05
0.00018407
6.9898e-05
0.00010249
8.6753e-05
7.9866e-05
8.6264e-05
9.4527e-05
0.00011536
9.5961e-05
0.00013932
6.9898e-05
6.9898e-05
8.6488e-05
0.00015792
9.1908e-05
0.00017797
9.4727e-05
7.6499e-05
0.0001489
0.00010384
0.00012606
8.2606e-05
9.572e-05
0.00012096
8.2606e-05
0.00014027
0.00014792
0.00016046
9.7066e-05
0.00010482
0.00010953
6.9898e-05
8.8971e-05
0.00013627
0.00010284
0.00015378
0.00014821
0.00010499
0.00011229
7.5839e-05
8.5556e-05
7.6344e-05
8.4621e-05
7.6344e-05
0.00021524
0.00010356
7.6344e-05
0.00032712
0.00013572
0.00012176
0.00012613
0.00012075
8.0894e-05
9.7307e-05
0.00010675
6.9898e-05
8.3909e-05
0.00017606
7.6499e-05
8.388e-05
8.3159e-05
6.9898e-05
8.2335e-05
7.5839e-05
8.4188e-05
6.9898e-05
0.00011809
7.5839e-05
7.5839e-05
6.9898e-05
0.00015165
0.00012384
8.234e-05
9.8934e-05
8.4529e-05
0.00012048
0.00010695
9.1381e-05
8.7239e-05
0.00014735
0.00011553
0.00014288
7.9756e-05
0.00013514
9.5413e-05
7.7959e-05
9.1373e-05
0.00011451
0.00012161
0.00019374
0.00014382
0.00010624
6.9898e-05
9.203e-05
9.7215e-05
9.8126e-05
0.00027853
9.192e-05
7.772e-05
9.8978e-05
0.00011199
9.3948e-05
0.00011699
8.8529e-05
8.7832e-05
9.5498e-05
7.7412e-05
9.6117e-05
0.00010398
7.7412e-05
0.00011271
0.00014145
0.00011824
6.9898e-05
7.5839e-05
0.00010194
9.1899e-05
7.5839e-05
0.00015428
0.00010782
0.00010517
7.8726e-05
0.00021983
0.00012043
9.1978e-05
0.00011013
0.00022268
0.00013489
6.9898e-05
6.9898e-05
8.178e-05
0.00010224
7.5839e-05
0.00022068
0.00010008
0.00013878
6.9898e-05
0.00019844
8.2381e-05
9.68e-05
0.0001413
6.9898e-05
0.00020111
8.5828e-05
0.00011935
0.00016166
8.52e-05
6.9898e-05
8.5947e-05
0.00011546
7.5839e-05
0.00017522
6.9898e-05
0.00021466
0.00011451
9.1148e-05
0.00014507
0.00017569
0.00011289
6.9898e-05
7.5839e-05
0.00010095
9.6518e-05
0.00013962
0.00012324
0.00014404
7.6492e-05
9.794e-05
0.00011821
9.5711e-05
0.00013441
0.00012938
7.8064e-05
0.00010156
0.00010621
0.0001158
8.3704e-05
8.4822e-05
7.6963e-05
8.3603e-05
0.00011023
0.00013209
6.9898e-05
0.00011404
7.5839e-05
8.4287e-05
0.00010321
7.5839e-05
0.00011511
9.1105e-05
0.00014527
0.00012216
8.9314e-05
0.00014773
0.00017525
0.00014285
0.00012453
9.9187e-05
8.9935e-05
8.2471e-05
0.00010514
0.00021918
8.3943e-05
0.00012081
9.1386e-05
0.00014223
0.00022635
0.00011831
0.0001258
9.0865e-05
0.00015028
9.9294e-05
9.6549e-05
8.0415e-05
0.00015034
0.00010108
0.00013658
9.2905e-05
0.00014473
0.00014239
8.7009e-05
0.00011199
9.9778e-05
9.4375e-05
0.00025796
0.00012915
8.5402e-05
8.2692e-05
0.00018491
9.2989e-05
9.2989e-05
0.00018593
0.00014757
0.00016375
0.00013979
9.9144e-05
0.00021857
8.6918e-05
8.4699e-05
0.00015408
8.0821e-05
0.00012419
0.00010374
0.00011967
0.00018585
0.00013047
0.00028502
0.00017327
0.00020028
8.1775e-05
9.7954e-05
8.1775e-05
0.00019756
0.00020451
0.00010958
0.00015131
0.0001201
8.5757e-05
7.9628e-05
0.00013366
0.00021856
8.4262e-05
8.4262e-05
8.4262e-05
0.00010303
0.00021982
0.00013033
0.00014576
0.0001008
8.783e-05
7.8061e-05
0.00012325
9.4178e-05
7.8172e-05
7.8172e-05
7.8172e-05
8.3856e-05
0.00024619
0.00023405
8.3856e-05
0.00014619
7.708e-05
7.708e-05
0.00017144
7.708e-05
0.00013953
7.708e-05
0.00013856
7.9952e-05
8.6909e-05
8.6909e-05
8.6909e-05
0.00010514
0.00011312
0.00014746
0.00014454
0.000139
0.00010316
8.7343e-05
0.00010586
8.7343e-05
9.6045e-05
9.4392e-05
9.9623e-05
0.00010409
0.00010983
0.00012408
7.6594e-05
8.1156e-05
0.00010661
0.00023158
0.00013078
0.00014153
0.00012506
0.00011799
0.00013664
0.00013645
0.0001542
0.00013958
7.7135e-05
8.3871e-05
0.00010683
0.0001302
0.00010908
0.00018109
8.6799e-05
7.8072e-05
0.00012052
9.559e-05
8.5485e-05
7.8072e-05
0.0001106
0.0001
0.00011098
8.5978e-05
8.4657e-05
0.00011188
7.9707e-05
0.00020334
0.00013704
0.00019333
0.0001323
9.9448e-05
8.3329e-05
8.8818e-05
7.6663e-05
0.00012789
8.5747e-05
0.00018163
0.00011555
0.00025324
0.00018299
0.00010241
8.663e-05
0.00010539
8.0181e-05
9.4661e-05
8.3612e-05
0.00013058
9.4247e-05
8.3612e-05
0.00016164
0.0001061
0.00011196
7.9142e-05
7.9142e-05
7.6344e-05
0.00011535
7.9074e-05
0.00013468
7.9074e-05
9.3547e-05
8.9807e-05
0.0001168
0.00016112
9.2966e-05
0.00010424
9.9318e-05
9.6269e-05
0.00016754
0.00015636
0.00011314
0.00011669
0.00010374
0.00014326
0.00012674
8.7805e-05
9.5327e-05
0.00010728
0.00013776
8.1636e-05
8.8562e-05
8.1636e-05
8.1636e-05
0.00013839
8.7655e-05
0.00010054
0.00010144
8.6594e-05
8.6594e-05
8.6594e-05
8.6594e-05
0.00020234
9.6539e-05
8.6594e-05
0.00014095
0.00013584
0.0001097
8.9347e-05
9.7046e-05
0.00013713
9.4519e-05
0.00012747
0.00011044
0.00029739
0.00013713
0.00010931
8.7387e-05
0.00017073
0.00041707
0.00012864
0.00018753
0.00020447
0.00014487
0.0002533
0.00021983
0.00024459
0.00021303
0.00019355
0.00015368
0.0001186
0.00019947
0.00026342
0.00016765
0.00016308
0.00015772
0.00011305
9.3039e-05
0.00022681
7.8959e-05
8.8043e-05
0.00011584
7.8959e-05
0.00012848
0.00012201
8.3436e-05
8.0474e-05
0.00015236
8.0474e-05
0.00010045
0.00028131
0.00013094
8.0534e-05
9.1997e-05
0.00010773
7.7317e-05
0.00010149
9.6112e-05
0.00015459
0.00012181
8.7111e-05
0.00014519
9.3054e-05
0.00013224
0.00023913
0.000109
9.7014e-05
8.2178e-05
0.00023607
9.0286e-05
8.8723e-05
0.00010702
8.4272e-05
7.7764e-05
7.7764e-05
7.7764e-05
7.7764e-05
7.7764e-05
7.7764e-05
9.9087e-05
9.1399e-05
0.0002488
9.9391e-05
0.00012122
0.00014073
0.00011382
0.00013573
0.00014218
0.00013353
0.00016152
0.00016896
0.00014776
0.00014002
0.00021062
0.00013895
0.00017487
0.0001519
0.00021835
0.00015798
9.8831e-05
0.00010634
0.00010104
0.00010596
9.6555e-05
0.00012144
0.00010836
0.00010066
0.00013961
0.0001126
0.00014075
0.00015473
0.00018784
9.8021e-05
0.0001577
0.00012916
0.00015433
0.00020067
0.00011167
0.00010245
0.00027879
0.00013141
8.6754e-05
0.00016189
9.0309e-05
9.0989e-05
0.00020915
0.00010563
0.00017665
0.00017896
0.00018403
0.00010783
0.00026623
0.00014115
0.00010586
0.00010236
0.00011722
7.724e-05
0.00011152
7.724e-05
0.0001031
9.1879e-05
0.00010439
9.5289e-05
0.00019363
0.00012136
0.00017238
0.00019539
0.00011671
7.9898e-05
7.9866e-05
9.8155e-05
0.00010127
0.00010168
8.7573e-05
0.00012559
0.00011554
0.00011402
8.9478e-05
0.00013763
0.00022029
8.6953e-05
0.00020495
7.6803e-05
0.00013679
8.2141e-05
0.00015422
0.00012755
0.00011177
0.00010687
8.2141e-05
9.1161e-05
7.8534e-05
9.7643e-05
7.8534e-05
8.5366e-05
0.00018012
0.00019959
0.00021285
0.00020023
8.4797e-05
0.00012424
0.00011307
0.00012306
0.00013894
0.00020938
0.00017412
0.00017605
0.00015732
0.00014491
0.00016135
9.6633e-05
8.0103e-05
0.00011849
8.0103e-05
8.9477e-05
0.00016759
0.00012724
0.00014228
0.00012122
9.1642e-05
9.2066e-05
9.2066e-05
9.2066e-05
9.2066e-05
9.9588e-05
0.00010963
0.00017434
0.00010717
0.00019603
0.00025642
0.00019377
0.00010306
7.8919e-05
9.9232e-05
9.6909e-05
0.0001901
0.00013657
0.00010719
9.7473e-05
0.00011683
8.0368e-05
0.00011993
0.00012285
0.00018786
0.00014818
8.8815e-05
8.6912e-05
8.6142e-05
0.00010064
0.00011869
0.00011869
0.00013046
7.8749e-05
0.00023117
0.00015199
0.00011827
8.4293e-05
0.000114
0.00010377
7.6455e-05
0.00017033
0.00010687
0.00011952
0.00013725
8.7807e-05
0.00010902
9.4543e-05
0.000102
8.7807e-05
0.00033789
0.00022387
0.00017884
0.00011547
8.4922e-05
0.00011964
0.00014112
0.00012773
0.00016232
8.1546e-05
9.6034e-05
0.00018507
0.00023265
0.00016474
8.9955e-05
0.00012052
9.3359e-05
0.00017297
7.8543e-05
0.00011124
0.00012344
8.6817e-05
0.00024405
7.7763e-05
0.00010711
9.4054e-05
0.0001755
9.9998e-05
0.00013171
0.00011927
0.00024831
0.00012585
0.00018027
0.00018754
0.00011475
0.00014336
7.6344e-05
7.6344e-05
0.00010342
7.9843e-05
7.7255e-05
0.00010621
9.2913e-05
9.075e-05
0.00010197
0.00010552
8.2856e-05
8.2856e-05
8.2856e-05
8.2856e-05
8.2856e-05
0.00016626
9.2808e-05
0.00015633
7.911e-05
8.8837e-05
0.00011094
0.00010701
9.1591e-05
0.00023738
8.3649e-05
9.0455e-05
0.0001285
0.00014107
0.00016009
0.00016187
0.00011381
9.187e-05
0.00011663
0.00012115
0.00018398
0.00015509
0.00016061
0.00014987
0.00013666
8.6849e-05
7.89e-05
0.00014036
9.632e-05
0.00013292
0.00012456
0.0001274
8.5136e-05
0.00018851
0.000178
0.00019959
0.00018994
8.1746e-05
0.00011265
7.7759e-05
0.00012685
0.00012587
0.00011831
9.1947e-05
8.5393e-05
8.7361e-05
0.00029673
8.5393e-05
8.4837e-05
0.00018763
0.00020707
0.00010467
9.1831e-05
9.2225e-05
0.00011443
8.783e-05
0.00011834
7.8448e-05
8.5868e-05
9.4715e-05
9.4934e-05
8.537e-05
9.0928e-05
0.00010757
7.7073e-05
0.00018495
0.0001285
8.9927e-05
0.00011931
0.00010293
0.00010721
7.7685e-05
8.2306e-05
8.2306e-05
8.2306e-05
8.2306e-05
8.2306e-05
8.2306e-05
8.2306e-05
8.2306e-05
8.2306e-05
0.00010453
8.8405e-05
9.3691e-05
9.0051e-05
0.00016391
7.6754e-05
0.00016115
0.00014346
0.00010407
9.8684e-05
0.00012498
7.8129e-05
0.00013995
7.8129e-05
0.00017734
0.0001196
0.00016826
9.2832e-05
8.6077e-05
0.00012259
8.6077e-05
7.8704e-05
0.00017341
0.00014547
0.00022052
0.00014642
0.0001523
0.00012316
0.00011655
0.00029928
0.00011655
0.00014073
0.00010526
0.00012563
7.9047e-05
0.00010336
9.1571e-05
7.9047e-05
7.9047e-05
7.9047e-05
7.9047e-05
0.00013351
0.00016245
8.7256e-05
9.7018e-05
8.7256e-05
8.7256e-05
0.0001682
9.6731e-05
0.00018987
0.0001044
0.00010514
0.00010556
0.00014298
7.6344e-05
7.879e-05
9.3233e-05
8.9644e-05
7.879e-05
7.879e-05
0.00011727
0.00011206
9.4587e-05
0.00012154
0.00028555
0.00012815
0.00012154
0.00014478
8.8027e-05
7.8646e-05
7.8646e-05
0.0001181
0.0001008
8.5054e-05
8.5054e-05
8.5054e-05
8.5054e-05
8.5054e-05
0.00011615
8.5054e-05
8.5054e-05
8.5054e-05
8.5054e-05
9.6339e-05
0.00015713
9.2738e-05
0.00010146
0.00010454
0.00013911
9.3721e-05
9.3251e-05
0.00014923
0.00010161
0.00011368
0.00016996
9.1319e-05
8.5834e-05
0.00016212
8.7694e-05
9.3062e-05
0.00012948
8.8731e-05
9.3647e-05
8.0034e-05
0.00016733
9.8296e-05
0.00010676
0.00018651
8.7699e-05
9.2647e-05
0.00010228
0.00011097
7.7435e-05
9.6697e-05
8.1811e-05
8.1811e-05
9.5983e-05
8.1811e-05
0.00015557
7.6344e-05
0.00019598
0.0001781
9.8265e-05
0.0001312
0.00015888
0.00021525
9.5158e-05
0.00011359
0.00012326
0.00021657
0.0001141
0.00010262
8.5966e-05
8.8289e-05
0.00013146
8.9828e-05
0.00019407
8.7758e-05
0.00010854
0.00015455
0.00011447
9.9401e-05
0.00012035
8.8315e-05
9.5613e-05
0.00012367
9.9341e-05
9.3899e-05
8.6426e-05
9.3775e-05
9.6774e-05
0.00011686
0.00010621
0.00046061
9.5557e-05
9.2553e-05
9.6781e-05
7.9097e-05
0.00025148
0.0001117
9.3753e-05
7.9097e-05
0.00012103
0.00010397
0.00014206
0.00011664
0.00011955
8.5635e-05
0.00015298
0.00017255
0.00015876
0.00013758
0.00012129
8.8131e-05
0.00014189
8.8131e-05
0.00011241
0.00012324
8.8131e-05
8.8131e-05
0.00015347
0.0001748
0.00022038
9.7499e-05
0.00018121
0.00011784
8.0863e-05
0.00010497
0.00017041
7.8412e-05
7.6977e-05
8.4719e-05
0.00012345
7.6977e-05
0.00012219
8.1805e-05
0.0001296
7.8364e-05
9.8523e-05
7.8364e-05
9.206e-05
9.7507e-05
0.00013154
0.00011784
0.00011442
0.00012254
0.0001016
0.00014949
8.6143e-05
0.00011479
0.00010507
0.00015465
8.9212e-05
0.00012578
0.00014107
0.00011813
8.2361e-05
9.6113e-05
0.00014173
9.2561e-05
0.00013915
0.00011245
8.7234e-05
9.5272e-05
9.7063e-05
0.00010918
0.00010633
8.8947e-05
8.1845e-05
0.00010605
0.00010869
0.00017616
8.1845e-05
8.1845e-05
9.0313e-05
0.00012066
0.00012252
8.5497e-05
0.00014077
9.1217e-05
0.00019847
0.00012433
8.3317e-05
0.0001416
0.00014479
8.2886e-05
8.2886e-05
0.0001385
8.0308e-05
0.00010474
0.00012106
0.00016379
0.00010013
0.00012067
9.3703e-05
7.8489e-05
7.8489e-05
0.00013074
0.00010942
0.00013695
0.00011499
0.00011641
0.00010318
0.00012418
0.00013864
0.00013929
0.00011399
0.00010394
0.00010205
0.00015846
0.00012201
0.00015984
7.7715e-05
9.6211e-05
8.8276e-05
0.00011677
0.00013125
0.00012262
0.00019793
9.1621e-05
7.9918e-05
7.9918e-05
7.9918e-05
7.9918e-05
7.9918e-05
7.9918e-05
7.9918e-05
7.9918e-05
7.9918e-05
7.9918e-05
8.9013e-05
9.185e-05
9.5912e-05
8.1874e-05
0.00011553
0.00011984
0.00011909
0.00011078
0.00012706
9.476e-05
8.3501e-05
0.00011978
0.00013952
0.0001877
9.1644e-05
8.3005e-05
0.00010758
9.1026e-05
0.00011602
0.00010309
0.0001021
0.00017513
0.00013037
7.9912e-05
9.7961e-05
0.0001333
7.678e-05
9.855e-05
0.00012652
0.00011967
0.00010905
9.657e-05
8.5104e-05
0.00012401
8.6175e-05
0.00013908
0.0001505
8.0033e-05
9.6295e-05
0.00015568
7.742e-05
9.2013e-05
8.4561e-05
0.00027301
0.00012993
9.4776e-05
0.00014403
9.5328e-05
7.9236e-05
7.9236e-05
8.3104e-05
8.3104e-05
8.3104e-05
8.9648e-05
0.0002047
0.00016565
8.4779e-05
0.0001125
8.688e-05
9.4797e-05
0.00010972
7.9812e-05
0.00022583
9.652e-05
0.00010846
0.00013099
0.00025229
9.9818e-05
0.00012996
8.2931e-05
0.00023065
7.8554e-05
9.3949e-05
0.00010363
8.3421e-05
0.00014071
0.00020101
0.00016326
0.00013924
0.00013597
0.00011733
9.0227e-05
0.00013343
0.00010018
7.6867e-05
7.6867e-05
0.00019971
0.00012524
7.6867e-05
8.6368e-05
0.00010505
0.00012045
8.0967e-05
0.00014137
0.00011226
0.00011024
0.00011535
8.4606e-05
0.00010086
9.0703e-05
0.00018479
8.2925e-05
7.9822e-05
7.9822e-05
0.00015464
0.00014647
8.1943e-05
8.9614e-05
0.00014495
7.6507e-05
0.00012732
7.6507e-05
7.6507e-05
0.0001374
0.00013037
7.7075e-05
7.7075e-05
7.7075e-05
0.00013867
8.7653e-05
8.359e-05
8.7927e-05
0.00011234
7.9983e-05
0.00013335
0.00011862
8.8916e-05
0.00011599
9.0002e-05
7.8515e-05
7.8515e-05
0.00011314
0.00010508
9.6241e-05
0.00014568
8.6925e-05
0.00011725
0.00020698
0.00011784
9.6787e-05
0.00010587
0.00014652
8.6807e-05
7.8647e-05
8.8908e-05
0.00011874
0.00011805
9.5238e-05
0.00013363
8.1665e-05
9.7665e-05
0.00013338
0.0001122
8.1665e-05
8.1665e-05
0.00011745
9.9042e-05
8.1665e-05
8.9831e-05
8.3656e-05
0.00010461
0.00012677
7.721e-05
0.00012801
0.00010653
0.00010873
0.00011137
0.00017049
0.0001094
8.3599e-05
0.0001098
0.00010049
7.9947e-05
7.9947e-05
7.9947e-05
8.7579e-05
7.9947e-05
7.9947e-05
0.00015787
8.7085e-05
9.4187e-05
9.5176e-05
7.8118e-05
7.8118e-05
8.7559e-05
0.00013601
9.5187e-05
9.9108e-05
0.00011765
0.00010368
0.00013388
7.6468e-05
0.00010258
7.7183e-05
9.362e-05
7.7183e-05
9.3705e-05
0.0001255
7.9684e-05
0.0001221
0.00010936
8.4552e-05
0.00011586
7.9822e-05
0.00010437
7.9822e-05
7.8089e-05
7.8089e-05
7.8089e-05
8.5939e-05
0.00010352
0.000111
9.6058e-05
8.3786e-05
9.1987e-05
8.7773e-05
0.00010084
8.3786e-05
0.00014298
0.00014788
7.8684e-05
7.8684e-05
8.9349e-05
8.5335e-05
7.6437e-05
8.4183e-05
9.7884e-05
9.0222e-05
0.00011314
0.00012323
9.5904e-05
0.00011125
0.00019284
9.5904e-05
0.00018869
8.1213e-05
0.00015871
0.00010325
0.00011339
0.00012581
8.1213e-05
0.00016067
0.00010524
9.3264e-05
0.00011806
7.7949e-05
7.7949e-05
0.00010722
7.6903e-05
9.7859e-05
8.3471e-05
0.00013126
0.00010197
0.00010997
0.00010997
0.0001513
0.00013379
0.0001559
8.9327e-05
0.00019779
0.0002457
0.00014848
0.00024774
9.79e-05
0.00013276
8.6026e-05
0.0001224
8.1967e-05
9.6967e-05
8.1967e-05
0.00013764
8.1967e-05
8.1127e-05
0.00019866
8.1127e-05
0.0001006
8.1127e-05
9.1609e-05
0.00011862
0.00015298
0.00011593
8.5172e-05
7.7289e-05
7.7289e-05
0.00011849
0.0001198
7.7636e-05
9.526e-05
8.4953e-05
0.00011028
0.00015005
7.853e-05
7.853e-05
7.853e-05
0.0001275
9.0651e-05
0.0001009
0.00012517
8.7617e-05
7.7677e-05
9.8475e-05
0.00013322
8.1368e-05
0.00011667
0.00012379
9.1532e-05
0.00017152
8.196e-05
0.00020509
8.196e-05
0.00013477
0.00013864
0.00032213
0.00013165
0.00010629
7.9843e-05
0.00011578
8.6821e-05
7.9243e-05
8.2656e-05
0.0001027
8.2656e-05
0.0001008
8.106e-05
0.00015062
9.6512e-05
0.00011064
0.00011456
0.00015679
8.9403e-05
0.00010242
0.00015888
9.7271e-05
9.7713e-05
0.00010708
8.8645e-05
7.9781e-05
9.1738e-05
8.7327e-05
7.9781e-05
0.00012587
8.0023e-05
0.00010903
9.027e-05
0.0001141
9.132e-05
0.00012787
0.00012727
0.00010035
7.9196e-05
7.9196e-05
7.9196e-05
8.7263e-05
0.00010673
0.00014849
0.0001223
8.4401e-05
7.6749e-05
9.0192e-05
0.00011251
8.3244e-05
9.525e-05
0.00010777
0.00011917
0.00017723
0.00018115
9.1684e-05
0.00018603
7.73e-05
8.044e-05
0.0001573
8.044e-05
0.00019338
0.00011736
0.00019867
0.00010466
9.5935e-05
8.0953e-05
0.00023834
9.9373e-05
9.9444e-05
0.00012523
0.00015998
0.00010363
0.00017446
0.00014695
0.00010183
8.0752e-05
0.00010677
0.00014505
0.00014794
9.0138e-05
7.9099e-05
0.00011813
9.3676e-05
0.00013055
9.65e-05
0.00012131
7.8254e-05
7.8254e-05
7.8254e-05
8.4848e-05
9.6252e-05
0.00010343
7.9291e-05
9.7106e-05
7.8094e-05
0.00010568
0.00010895
7.6525e-05
0.00012566
0.0001107
0.00013371
0.00010516
0.0001098
0.00010711
0.00010504
9.5677e-05
8.6606e-05
8.6606e-05
9.6135e-05
0.00010078
7.7828e-05
7.7828e-05
9.2606e-05
9.2965e-05
9.7355e-05
0.00012148
8.7217e-05
7.8598e-05
0.00012822
0.00013711
0.00012341
0.00028143
0.00010842
0.00011421
0.00012716
0.00012993
8.8332e-05
0.00016146
0.00010072
8.4287e-05
9.3313e-05
0.00013435
0.00011523
0.00013688
7.904e-05
0.00010755
7.7981e-05
0.00020586
7.7981e-05
0.00010671
8.2716e-05
0.00010999
0.00012041
0.00013006
0.00012729
0.00024007
9.3077e-05
7.8859e-05
0.00018004
9.3696e-05
7.9375e-05
9.3322e-05
0.00012141
7.7815e-05
0.00019811
9.1202e-05
0.0001245
8.7691e-05
8.7691e-05
0.00010295
0.00011838
0.0001009
0.00010063
0.00021317
0.00010205
8.1582e-05
9.1194e-05
0.00012185
0.00010105
0.00010453
8.4998e-05
8.7666e-05
7.6562e-05
7.6562e-05
8.347e-05
9.7063e-05
0.00012144
0.00013616
9.5444e-05
9.6051e-05
0.00018102
8.7938e-05
0.00012217
0.00015285
8.9158e-05
0.00010132
0.0001192
0.00012478
0.00012503
0.00012512
0.00014842
0.00010933
7.9306e-05
9.8138e-05
8.5443e-05
0.00015661
7.6528e-05
0.00021228
9.6196e-05
0.0001072
7.7724e-05
0.00011235
7.7724e-05
0.00011032
9.5295e-05
0.00010486
8.7716e-05
8.8289e-05
0.00013086
0.00011514
9.4701e-05
8.6029e-05
0.00010462
8.5272e-05
0.00013699
8.5272e-05
9.2839e-05
8.765e-05
0.00010109
9.2969e-05
9.0121e-05
9.6882e-05
0.0001084
7.876e-05
0.00010691
7.876e-05
7.876e-05
0.00011337
8.039e-05
0.00010182
0.0001709
8.9375e-05
0.00010838
8.516e-05
0.00012357
0.00012613
9.8967e-05
8.3148e-05
0.00010485
0.00013119
0.00011968
0.00015653
0.00013457
0.00012193
7.7496e-05
7.8713e-05
7.8713e-05
0.00012384
8.3887e-05
8.3887e-05
7.6344e-05
0.00014764
7.6344e-05
0.00011066
7.7607e-05
0.00010563
8.5042e-05
0.00011698
7.7927e-05
7.7927e-05
7.7927e-05
7.7927e-05
9.1502e-05
8.1547e-05
0.00011878
9.8802e-05
8.7786e-05
0.00013223
9.0349e-05
0.000124
8.7286e-05
8.0568e-05
8.0128e-05
7.7793e-05
0.00011633
9.0401e-05
7.8582e-05
8.619e-05
9.7488e-05
0.00013134
0.00010083
0.00012291
0.0001157
0.0001277
0.00011959
8.6004e-05
0.00012725
0.00012165
9.2831e-05
0.00010036
8.4918e-05
8.4918e-05
9.259e-05
8.6595e-05
7.6344e-05
8.8833e-05
8.8872e-05
8.9061e-05
9.6897e-05
8.8502e-05
8.5856e-05
0.00010742
7.7317e-05
9.381e-05
0.00017771
8.9145e-05
0.00011693
9.2433e-05
0.00013242
0.00013148
8.1981e-05
0.0001599
0.00012997
0.00011325
0.00015293
7.7726e-05
0.00012238
0.00010727
7.9163e-05
9.1067e-05
0.0001027
7.5107e-05
9.07e-05
9.0198e-05
7.5107e-05
9.5058e-05
0.0001533
8.6282e-05
0.00012441
7.6631e-05
8.3188e-05
7.6631e-05
8.4596e-05
8.4701e-05
9.0433e-05
7.7758e-05
0.00010499
0.0001606
9.7285e-05
0.00010108
0.00011803
8.3846e-05
9.0352e-05
9.5305e-05
0.00010622
0.00011519
8.6342e-05
8.0843e-05
8.0843e-05
8.0843e-05
8.0843e-05
8.0843e-05
8.0843e-05
8.0843e-05
8.6043e-05
8.6185e-05
0.00019567
0.00012706
0.00017759
0.00017511
9.7981e-05
8.3316e-05
0.00010749
7.6426e-05
9.5828e-05
8.1573e-05
8.1573e-05
9.5341e-05
8.1573e-05
8.1573e-05
9.3328e-05
7.8293e-05
7.8293e-05
8.2352e-05
0.0002112
0.00010286
0.00015145
8.3421e-05
8.4737e-05
0.00017371
7.7863e-05
7.7863e-05
0.00017585
0.0001126
7.8874e-05
0.00010353
8.5045e-05
0.00017896
8.5045e-05
9.2819e-05
8.9638e-05
8.186e-05
9.545e-05
8.6945e-05
0.00021622
7.8975e-05
7.8975e-05
8.9465e-05
0.00016991
0.00010897
0.00012191
7.9549e-05
8.9059e-05
9.3368e-05
0.0001314
0.00013313
9.3704e-05
0.00015475
9.1525e-05
0.00013462
0.00013714
9.2613e-05
0.00012308
0.00011746
0.00010227
0.00012616
8.2999e-05
8.2999e-05
8.9655e-05
0.00010518
9.0675e-05
7.64e-05
9.3777e-05
9.0054e-05
9.7119e-05
7.64e-05
9.0602e-05
0.00013527
7.8059e-05
0.00015375
7.7748e-05
0.00011785
0.00012134
0.00013823
0.00015563
9.5166e-05
8.867e-05
7.9306e-05
8.5807e-05
7.6344e-05
8.8803e-05
7.6344e-05
8.9479e-05
0.00011074
0.00010078
8.6092e-05
7.8484e-05
9.2544e-05
0.00010706
7.8484e-05
0.00010035
0.00015965
9.261e-05
7.7766e-05
0.00014765
8.3458e-05
9.0169e-05
8.1892e-05
9.7035e-05
8.2825e-05
9.0583e-05
9.0249e-05
8.2825e-05
8.2825e-05
8.2825e-05
7.942e-05
8.8255e-05
8.4639e-05
0.00011286
0.0001493
0.00010507
0.0001147
9.7826e-05
8.6283e-05
0.00011202
8.7484e-05
7.8091e-05
0.00012183
0.0001012
0.00010563
0.00015861
8.6344e-05
9.4081e-05
7.926e-05
0.00011142
0.00010743
7.9965e-05
9.3059e-05
0.00011817
0.0001048
0.00016097
7.876e-05
9.2003e-05
0.00011072
0.00010353
0.00011887
0.00011569
8.0643e-05
8.7433e-05
8.0643e-05
8.9861e-05
0.00010351
0.00022258
0.00011151
0.00012949
0.00011957
0.00015313
0.00010225
7.3885e-05
7.3885e-05
9.9375e-05
0.00011042
0.00010332
0.00010412
7.7025e-05
0.00010802
7.7553e-05
7.7553e-05
0.00013146
7.8956e-05
0.00010385
9.5595e-05
9.8023e-05
0.00011634
0.00011244
9.7046e-05
0.0002437
7.827e-05
0.00010042
8.6124e-05
9.7472e-05
0.00010959
9.0906e-05
9.1321e-05
0.00011731
0.00010304
0.00010346
8.35e-05
9.36e-05
7.7354e-05
7.7354e-05
0.00011315
9.6244e-05
0.00010287
0.00013132
0.00032509
9.0359e-05
0.00010939
8.3144e-05
8.3998e-05
7.6377e-05
0.00010524
9.3685e-05
7.6377e-05
9.9418e-05
7.6377e-05
9.0324e-05
9.0193e-05
9.4245e-05
0.00012131
8.7412e-05
8.5787e-05
0.00012224
0.00011627
0.00013722
8.7099e-05
9.2094e-05
0.00010851
8.869e-05
9.5313e-05
8.869e-05
0.00010688
7.6645e-05
0.00015325
0.00012475
8.0563e-05
0.0001269
0.00010777
8.0175e-05
0.00010629
8.6732e-05
9.0253e-05
0.00011417
8.1362e-05
0.00011048
7.951e-05
7.951e-05
7.951e-05
7.951e-05
0.00010945
9.3146e-05
9.3433e-05
0.00010678
0.00011051
7.7096e-05
0.00010139
7.7861e-05
0.00010906
8.2257e-05
0.00011057
0.00018182
8.4162e-05
8.4162e-05
9.3553e-05
0.00013189
9.7392e-05
0.00011542
8.401e-05
0.00012621
0.00010263
0.00018358
8.6665e-05
8.9044e-05
0.00010622
7.7736e-05
8.7324e-05
7.7207e-05
8.6902e-05
0.00010853
7.7207e-05
8.1017e-05
0.00012616
8.1017e-05
0.00010554
0.00029929
8.5208e-05
0.00021472
9.2336e-05
7.6399e-05
7.6399e-05
7.7015e-05
0.00010053
0.00010607
0.00012785
0.00010214
8.6482e-05
7.9975e-05
8.8076e-05
0.00010061
8.1072e-05
0.00012037
0.00018642
0.00010161
9.3289e-05
0.00011236
0.0001709
0.00010326
8.6748e-05
7.7712e-05
8.5743e-05
8.6812e-05
0.0001115
0.00010553
0.0001309
0.000132
0.00015643
8.349e-05
0.00010508
0.00012157
9.147e-05
0.00010712
0.00011474
8.4969e-05
8.0655e-05
0.00011647
7.64e-05
7.64e-05
9.0718e-05
0.00025279
9.9172e-05
9.5803e-05
7.9245e-05
0.00011498
0.00011016
7.9245e-05
7.8175e-05
7.8175e-05
0.00010023
0.0001141
8.5598e-05
0.00011076
0.00010782
7.6399e-05
7.6399e-05
0.00013406
0.00010158
8.2992e-05
8.2992e-05
0.00010019
0.00020697
0.00013271
9.4639e-05
9.9929e-05
0.00014974
9.3064e-05
0.00012505
9.3185e-05
7.9668e-05
0.00023425
0.00011442
9.1073e-05
0.0001246
7.7575e-05
0.00010139
9.3487e-05
9.7589e-05
7.6508e-05
7.6508e-05
0.00010975
0.00012026
8.9708e-05
7.7994e-05
7.7994e-05
9.4754e-05
7.9516e-05
7.691e-05
8.5965e-05
8.3594e-05
0.00011394
7.8862e-05
0.00012444
9.0466e-05
0.00015146
9.7733e-05
7.8961e-05
8.7906e-05
8.6178e-05
0.00012826
7.7116e-05
8.5835e-05
7.7116e-05
8.4632e-05
0.00010915
0.00011532
0.00010816
0.00010555
0.00010178
7.8633e-05
8.6117e-05
9.3528e-05
7.8633e-05
0.00010558
0.00010066
7.8097e-05
8.7695e-05
0.00018302
0.00012539
9.4737e-05
0.0001142
0.00012422
0.00010015
9.8578e-05
0.00013532
0.00017347
0.00011543
0.00010071
7.8409e-05
7.8409e-05
8.5837e-05
0.00010573
8.5837e-05
0.00013345
8.5837e-05
0.00021172
9.4067e-05
8.6309e-05
8.6309e-05
9.9074e-05
9.2222e-05
7.6806e-05
9.4936e-05
0.00010142
9.2391e-05
0.00012023
9.2179e-05
9.1964e-05
8.0529e-05
8.697e-05
7.9411e-05
8.8238e-05
0.00011869
9.6492e-05
0.00011155
8.8832e-05
8.8832e-05
9.7428e-05
0.00010158
9.1804e-05
0.00011494
9.169e-05
0.00011327
7.8035e-05
0.00015122
0.00017847
9.0346e-05
0.00011053
7.8492e-05
7.8492e-05
9.2863e-05
7.8492e-05
0.00011198
0.00025556
8.0431e-05
9.3747e-05
0.00012782
0.0001344
9.0624e-05
9.0882e-05
8.062e-05
0.00010385
0.00018035
8.2535e-05
8.2535e-05
0.00010405
0.00010936
8.2535e-05
7.966e-05
9.9112e-05
8.2762e-05
8.2762e-05
0.000126
7.8982e-05
0.0001103
0.00010371
8.2201e-05
0.00020807
9.547e-05
8.9802e-05
8.247e-05
0.00011197
0.00010993
0.00014278
8.787e-05
0.00020334
0.00010936
0.00010754
9.1274e-05
8.8171e-05
0.00019811
9.2305e-05
8.9171e-05
0.0001785
0.00013803
0.00013042
8.22e-05
0.00013494
0.00013127
9.6772e-05
9.6897e-05
8.6386e-05
0.00035684
7.6824e-05
8.9162e-05
9.9141e-05
8.678e-05
7.9719e-05
9.7227e-05
0.00013307
7.7732e-05
0.00010283
8.6692e-05
8.5084e-05
8.6066e-05
0.0001066
0.00010605
7.8929e-05
9.5647e-05
7.8929e-05
8.6353e-05
0.00011722
0.00010145
0.00016553
0.00010159
7.9305e-05
7.9285e-05
7.9285e-05
9.5775e-05
0.00011637
0.00010397
9.8835e-05
9.0713e-05
0.00010226
8.4993e-05
0.00010949
0.00016768
0.0001269
8.5281e-05
8.9972e-05
0.00013427
8.9884e-05
8.3342e-05
9.5379e-05
8.6189e-05
8.4988e-05
9.9916e-05
9.2551e-05
0.00012695
0.00020564
0.00011088
0.00013171
0.00011564
7.9552e-05
8.6598e-05
8.4474e-05
0.00016403
8.5237e-05
8.7656e-05
0.00010968
8.67e-05
8.8454e-05
9.1811e-05
0.00016599
7.6344e-05
0.00014273
8.5151e-05
0.00010534
9.1603e-05
0.0001087
8.7661e-05
8.2789e-05
0.00011106
9.5632e-05
9.5069e-05
0.00014511
7.9153e-05
0.00020386
0.00010168
0.00024289
9.5179e-05
0.00012405
0.00018544
0.00016987
8.5318e-05
7.7656e-05
0.00010396
0.0001128
7.921e-05
0.0001083
0.00010194
0.00012583
8.5465e-05
7.7476e-05
7.7476e-05
7.7476e-05
7.8588e-05
7.8588e-05
0.00010116
0.00011743
8.2702e-05
9.9937e-05
9.0886e-05
7.5917e-05
7.8117e-05
8.5271e-05
0.00012717
8.5271e-05
9.6667e-05
7.946e-05
7.946e-05
7.6953e-05
7.6953e-05
9.8283e-05
7.6399e-05
0.0001177
0.00011025
0.00010832
7.9801e-05
0.00011675
0.00010215
0.00011773
0.00013163
0.00011036
0.00011466
9.3405e-05
0.00020121
0.00011209
8.2941e-05
0.00010167
7.9342e-05
0.00010284
8.5043e-05
8.8038e-05
0.00010285
0.00012143
0.0001644
0.00012122
0.00012623
0.00010357
8.7086e-05
8.8019e-05
9.8028e-05
9.0746e-05
9.3027e-05
0.00011197
8.5363e-05
7.8349e-05
9.1493e-05
0.00010575
0.00010502
8.3897e-05
8.3897e-05
8.3897e-05
9.7824e-05
7.9115e-05
0.00015809
0.00011628
8.2195e-05
8.3249e-05
8.3249e-05
0.00012242
9.9048e-05
8.4867e-05
0.0001029
0.00017474
0.00024114
7.9457e-05
8.6125e-05
0.0001199
0.00011126
9.1974e-05
8.1478e-05
8.5536e-05
0.00021054
7.7035e-05
7.7035e-05
7.7035e-05
9.262e-05
7.64e-05
0.00013319
7.64e-05
9.525e-05
8.0794e-05
0.00018538
8.4176e-05
7.7675e-05
7.7675e-05
7.7675e-05
7.7029e-05
8.3643e-05
9.1372e-05
0.0001079
8.1069e-05
9.5489e-05
9.0525e-05
8.6085e-05
8.8665e-05
8.6012e-05
0.00016325
9.2508e-05
8.587e-05
0.00011265
0.00010612
9.0895e-05
8.0029e-05
0.00011817
9.6832e-05
8.7021e-05
9.2925e-05
0.00010358
0.00010329
0.00014101
9.6807e-05
8.9349e-05
9.5236e-05
8.2419e-05
8.0272e-05
8.0272e-05
7.8986e-05
7.8986e-05
9.4857e-05
8.8306e-05
0.00010499
7.8986e-05
7.7678e-05
7.7678e-05
0.00015842
8.1844e-05
0.00021104
0.0001159
9.3203e-05
0.00014308
0.00010551
0.00011366
9.3993e-05
8.7312e-05
0.00013552
0.00011777
8.3093e-05
9.2361e-05
0.0001911
0.00011557
0.00010856
0.00022478
8.0846e-05
8.8355e-05
8.4867e-05
9.1369e-05
0.00010849
9.5664e-05
8.8197e-05
7.7676e-05
0.00015484
7.9301e-05
8.6404e-05
0.00011664
0.00012414
7.9052e-05
8.9335e-05
8.2163e-05
8.2163e-05
0.0001022
7.7004e-05
9.2278e-05
9.2781e-05
0.00018921
8.3655e-05
0.00013435
0.00011203
8.016e-05
9.6116e-05
7.6933e-05
8.9239e-05
8.2714e-05
9.9614e-05
0.00013376
0.00012528
0.0001769
8.8848e-05
0.00016305
8.2227e-05
8.1827e-05
9.438e-05
0.00010971
0.00016453
0.0001064
7.7164e-05
0.00018157
0.00016114
0.00013413
8.0462e-05
8.0462e-05
7.81e-05
0.00012303
0.00014215
9.1867e-05
0.00010698
0.00011367
8.6777e-05
7.8729e-05
9.2838e-05
8.4871e-05
7.7655e-05
0.00010473
9.431e-05
0.00012496
9.9742e-05
8.3237e-05
8.9302e-05
9.7492e-05
8.6004e-05
0.00011547
9.4465e-05
8.7521e-05
0.00010329
0.00010931
0.00010115
8.5155e-05
7.6553e-05
8.4834e-05
9.225e-05
0.00010557
0.00010073
9.0699e-05
9.1971e-05
8.4351e-05
8.245e-05
8.9061e-05
0.00015558
0.00013049
9.7014e-05
8.4719e-05
8.4719e-05
7.7308e-05
9.778e-05
0.00011775
0.00014928
8.2523e-05
0.00013245
0.00013566
8.4756e-05
8.8691e-05
8.2196e-05
9.7119e-05
9.4843e-05
8.5495e-05
0.00010402
9.4724e-05
0.0001053
7.7165e-05
0.0001319
7.7209e-05
0.00020803
7.9736e-05
7.9887e-05
9.6326e-05
0.00014533
0.0001197
0.00017512
7.7826e-05
7.7826e-05
7.7517e-05
0.00010982
8.5039e-05
7.7811e-05
7.7381e-05
8.6363e-05
7.7381e-05
0.0001235
8.9096e-05
8.677e-05
9.3403e-05
9.6075e-05
9.3894e-05
8.8537e-05
8.9066e-05
9.9726e-05
0.00013024
0.0001409
8.2953e-05
0.00010929
7.7365e-05
9.4401e-05
0.00011183
8.6599e-05
9.267e-05
8.012e-05
8.1835e-05
8.1835e-05
8.7206e-05
0.00010055
7.2038e-05
7.2038e-05
0.00010378
7.2038e-05
7.2038e-05
9.784e-05
7.2038e-05
0.00016275
8.9238e-05
7.8756e-05
7.2038e-05
9.4796e-05
9.5237e-05
0.00011044
9.5237e-05
9.5237e-05
0.000165
9.1407e-05
7.7961e-05
9.1222e-05
9.8443e-05
0.00011367
0.00017875
0.00010503
0.00010848
0.00011734
9.6914e-05
8.1813e-05
9.3228e-05
7.6619e-05
8.0237e-05
8.7588e-05
0.0001101
0.0001382
9.9667e-05
9.8398e-05
8.9882e-05
8.215e-05
8.8476e-05
8.0784e-05
0.00010353
0.00010736
7.6506e-05
7.7676e-05
7.7676e-05
9.1683e-05
8.4518e-05
9.0166e-05
8.984e-05
0.00010925
0.00022269
8.3126e-05
9.0959e-05
8.3126e-05
9.8527e-05
0.00011879
0.00020305
8.3845e-05
8.2653e-05
0.00012155
0.0001264
0.00017609
7.8225e-05
8.7167e-05
9.102e-05
8.3228e-05
7.8652e-05
7.8652e-05
0.00014474
0.00012351
0.00010352
0.00010042
9.259e-05
7.6472e-05
8.6438e-05
7.6472e-05
0.0002002
9.2457e-05
0.00013208
8.454e-05
9.5452e-05
7.8113e-05
8.7473e-05
0.00011038
8.5452e-05
8.0662e-05
8.0662e-05
9.4567e-05
7.7644e-05
7.7644e-05
7.8232e-05
9.4634e-05
0.00010091
9.8814e-05
9.2108e-05
8.4864e-05
0.00014988
0.00019849
0.00018334
0.00014988
0.0001044
9.0807e-05
0.00019811
9.674e-05
9.2359e-05
9.289e-05
0.00013451
7.8626e-05
7.8626e-05
7.8249e-05
7.8249e-05
0.00011583
8.1461e-05
8.1461e-05
8.1461e-05
0.00011566
0.0001497
7.806e-05
7.9936e-05
7.9936e-05
0.00013172
0.00013188
9.0602e-05
9.7656e-05
8.2531e-05
0.00012432
7.6598e-05
8.4736e-05
9.3242e-05
7.7071e-05
7.7071e-05
7.7071e-05
0.00011401
8.6579e-05
0.00011527
8.7965e-05
0.00014355
9.95e-05
7.9214e-05
7.9214e-05
0.00016722
0.00016466
8.5755e-05
8.5755e-05
0.00012423
7.759e-05
8.4326e-05
9.0727e-05
9.0727e-05
0.00014374
9.0727e-05
0.00015071
0.0001048
9.0274e-05
0.00015609
9.332e-05
7.6387e-05
8.8331e-05
8.8623e-05
9.6937e-05
9.7849e-05
9.3251e-05
7.6963e-05
7.6963e-05
7.6963e-05
7.9159e-05
7.9159e-05
7.9159e-05
9.9326e-05
8.8703e-05
0.00011173
0.00011232
8.3312e-05
8.9985e-05
8.3312e-05
9.7986e-05
0.00014085
0.00015598
8.7204e-05
8.0706e-05
0.00016379
0.00010138
8.9276e-05
7.7938e-05
0.00011263
8.4251e-05
7.7744e-05
0.00011925
8.2783e-05
0.00010648
0.00010312
0.00012341
8.6133e-05
0.00010009
9.6502e-05
7.8819e-05
7.8819e-05
0.00016056
8.8243e-05
7.759e-05
0.00012023
9.268e-05
8.4546e-05
7.9063e-05
8.5659e-05
7.9063e-05
8.9922e-05
0.00011501
7.8291e-05
7.8291e-05
0.00011009
0.00012505
9.8877e-05
9.4351e-05
0.0001091
9.5522e-05
0.00021261
7.6628e-05
9.4668e-05
7.6628e-05
0.0001085
8.7514e-05
0.000153
8.0384e-05
8.5865e-05
7.7989e-05
9.9507e-05
0.00010753
0.00010889
9.0462e-05
0.0001191
8.9395e-05
8.2249e-05
9.057e-05
7.7382e-05
0.00010353
0.00015799
0.00012867
9.1109e-05
0.00010423
0.00011248
7.7879e-05
0.00022528
0.00010924
0.00011787
7.7383e-05
0.00010107
7.7383e-05
9.795e-05
9.3486e-05
0.00011635
0.00011586
0.00011545
9.5205e-05
9.0388e-05
8.4475e-05
7.7817e-05
8.4375e-05
8.44e-05
9.1386e-05
9.8417e-05
7.6387e-05
8.2945e-05
0.00010317
7.1995e-05
7.1995e-05
7.1995e-05
7.8502e-05
8.64e-05
7.1995e-05
7.1995e-05
8.0036e-05
0.00014729
7.8247e-05
8.8277e-05
0.00010729
0.00010362
0.00011633
8.0052e-05
7.8249e-05
0.00013152
0.00016015
0.00010299
0.00012465
9.729e-05
8.0447e-05
9.6105e-05
8.8498e-05
7.9608e-05
0.00010565
9.7292e-05
7.9888e-05
7.8633e-05
8.5601e-05
9.2074e-05
0.00010758
8.8444e-05
7.8023e-05
8.46e-05
9.4516e-05
7.8023e-05
0.00011866
8.1953e-05
9.0523e-05
0.00010185
0.00010517
8.4631e-05
9.4097e-05
7.9805e-05
0.0001092
8.2898e-05
0.00018762
0.00011575
0.00011432
9.3258e-05
7.829e-05
0.00015653
0.00010056
0.00010014
7.7307e-05
8.4553e-05
7.7307e-05
7.9891e-05
0.00010584
7.8525e-05
7.8525e-05
9.0113e-05
8.2632e-05
8.2632e-05
7.687e-05
0.00014404
9.1919e-05
0.00011325
8.4656e-05
8.5612e-05
7.8197e-05
0.00010473
7.8197e-05
8.5439e-05
9.3966e-05
9.8529e-05
8.3372e-05
8.5841e-05
8.3434e-05
8.1832e-05
9.3256e-05
8.8493e-05
0.00010332
7.8933e-05
8.0115e-05
8.0262e-05
0.00019268
8.3171e-05
8.3171e-05
8.3171e-05
8.3171e-05
8.3171e-05
9.8765e-05
7.9258e-05
9.5437e-05
9.797e-05
0.00010418
7.6571e-05
7.9178e-05
9.0526e-05
0.0001949
8.1855e-05
8.9304e-05
9.8367e-05
0.00018017
7.7414e-05
8.5071e-05
0.00011436
8.9747e-05
9.6047e-05
8.0788e-05
8.0788e-05
9.489e-05
9.4566e-05
8.5616e-05
8.5616e-05
0.00011247
7.8438e-05
8.8161e-05
0.00010328
8.8161e-05
9.8833e-05
8.1252e-05
8.1252e-05
8.9565e-05
7.7147e-05
9.2037e-05
7.7147e-05
0.000105
0.00010236
9.31e-05
7.7097e-05
7.7382e-05
7.7382e-05
9.3629e-05
0.00016914
8.5413e-05
8.3759e-05
9.4145e-05
8.4324e-05
9.1132e-05
7.7487e-05
7.7487e-05
0.00023018
7.6634e-05
9.0446e-05
7.6634e-05
0.00011781
9.2191e-05
9.1739e-05
8.7736e-05
0.0001909
7.7231e-05
8.1958e-05
0.000121
8.9245e-05
0.00013687
0.00010024
0.000106
8.6334e-05
9.4412e-05
9.7092e-05
0.00010334
8.1322e-05
0.00013451
7.844e-05
7.7768e-05
7.7768e-05
7.7768e-05
7.7768e-05
7.7768e-05
7.7768e-05
8.2168e-05
8.9881e-05
8.8783e-05
8.8725e-05
8.0849e-05
9.4646e-05
8.8116e-05
9.494e-05
9.5584e-05
9.3425e-05
7.942e-05
7.942e-05
7.942e-05
0.00010943
0.00011929
8.5875e-05
0.00011046
0.00011362
0.00011461
0.00014385
0.00010205
0.00017281
8.1235e-05
8.733e-05
0.00010571
9.199e-05
0.00010161
0.00011889
7.8164e-05
7.8164e-05
9.6585e-05
9.9484e-05
0.00011617
8.5685e-05
7.6634e-05
0.00010844
8.8453e-05
8.6819e-05
8.5125e-05
0.00010593
9.8256e-05
0.00010785
7.7925e-05
7.7925e-05
0.00026141
8.0255e-05
7.8022e-05
7.8022e-05
8.8968e-05
7.8998e-05
7.8998e-05
7.8998e-05
8.458e-05
9.7468e-05
0.0001497
8.5828e-05
7.7372e-05
7.7519e-05
8.2894e-05
8.2894e-05
8.2894e-05
0.00017385
8.5187e-05
9.5295e-05
7.9379e-05
7.9379e-05
0.00010747
9.7528e-05
8.0649e-05
8.0649e-05
8.0649e-05
8.0649e-05
8.1757e-05
9.1507e-05
7.6529e-05
7.6529e-05
9.1373e-05
8.1002e-05
8.1002e-05
0.0001047
7.919e-05
0.00010047
7.919e-05
0.00011457
9.478e-05
8.6394e-05
0.0001293
7.8162e-05
0.00011799
9.4044e-05
7.6828e-05
9.2854e-05
7.6828e-05
7.8494e-05
7.8494e-05
7.8494e-05
8.7881e-05
8.7075e-05
9.4363e-05
0.00014378
9.938e-05
0.00015388
7.8907e-05
0.00017672
9.2159e-05
7.8366e-05
9.8199e-05
8.5731e-05
9.3761e-05
0.00013038
8.2487e-05
8.4215e-05
9.0511e-05
9.4735e-05
0.00012189
9.8157e-05
8.603e-05
7.8632e-05
0.00014558
7.8632e-05
9.6001e-05
0.00010889
9.2012e-05
0.00013272
8.202e-05
8.3526e-05
0.00014261
7.7456e-05
0.00010311
0.00010733
8.4525e-05
7.7456e-05
8.8212e-05
0.00010031
0.00010941
7.6638e-05
8.706e-05
0.00022133
7.6425e-05
0.0001015
9.4424e-05
0.00010175
0.00022173
8.4294e-05
7.6638e-05
8.6578e-05
9.6491e-05
0.00010686
8.9883e-05
7.9891e-05
9.2479e-05
7.9891e-05
7.8848e-05
7.8848e-05
9.1382e-05
0.00011437
9.1382e-05
9.0104e-05
8.9007e-05
9.2468e-05
0.00010114
8.3857e-05
0.0001394
7.7591e-05
9.965e-05
7.7591e-05
0.00014539
7.6554e-05
7.6554e-05
0.00015388
9.6158e-05
0.00010452
8.257e-05
0.00010363
7.6554e-05
0.00010705
7.6554e-05
0.00012064
8.3761e-05
0.0001082
9.3662e-05
0.00010312
0.00011301
9.3411e-05
0.00014583
7.9262e-05
7.9262e-05
7.9262e-05
7.9262e-05
0.00010563
7.7286e-05
0.00010086
7.7286e-05
0.00013703
0.00013284
8.8091e-05
0.00012968
0.00015604
9.5552e-05
8.9451e-05
8.9451e-05
0.00019384
0.0001463
9.7676e-05
7.4538e-05
7.4538e-05
7.4538e-05
7.4538e-05
7.4538e-05
7.4538e-05
7.4538e-05
7.4538e-05
7.4538e-05
7.4538e-05
7.4538e-05
7.4538e-05
7.4538e-05
7.4538e-05
7.4538e-05
7.4538e-05
7.4538e-05
7.4538e-05
7.4538e-05
7.4538e-05
8.2662e-05
7.4538e-05
8.7643e-05
7.7866e-05
7.7866e-05
8.7879e-05
8.4883e-05
7.7109e-05
8.0243e-05
0.00010123
9.2813e-05
8.0243e-05
0.00016461
0.00010073
0.00011799
8.5322e-05
9.2066e-05
7.7608e-05
7.7608e-05
7.7608e-05
0.00010906
0.00019026
7.8037e-05
0.00010269
7.8037e-05
9.3236e-05
0.00018587
8.5207e-05
8.5207e-05
9.3779e-05
0.00010906
9.0322e-05
9.8679e-05
8.5174e-05
7.8525e-05
7.8525e-05
9.1673e-05
8.0563e-05
8.3848e-05
8.3848e-05
0.0001173
0.00010171
7.9238e-05
7.9238e-05
7.9238e-05
7.9238e-05
0.00019549
7.888e-05
8.5387e-05
7.7879e-05
7.7173e-05
7.7173e-05
7.7173e-05
7.7144e-05
7.9197e-05
0.00011033
7.8982e-05
8.4452e-05
0.0001755
8.8207e-05
8.8759e-05
8.0453e-05
0.0001228
8.8272e-05
8.1056e-05
8.3244e-05
0.00010482
0.00011727
7.6531e-05
8.3165e-05
7.8278e-05
7.8278e-05
0.00010107
0.00010634
7.8124e-05
7.673e-05
0.00010211
8.3016e-05
7.6521e-05
8.3898e-05
8.3898e-05
8.3898e-05
9.9344e-05
8.8663e-05
0.0001003
7.8328e-05
0.00010445
9.9093e-05
7.7463e-05
0.00010178
7.7829e-05
0.0001025
8.2248e-05
0.00010354
8.5349e-05
0.00014294
8.3684e-05
8.315e-05
9.4438e-05
0.00011471
9.3138e-05
0.00010004
8.664e-05
8.5518e-05
7.7621e-05
0.00012526
7.7621e-05
0.00010549
0.00013189
8.2666e-05
0.00010311
8.2666e-05
7.9147e-05
7.8219e-05
7.9067e-05
8.6357e-05
0.00012126
7.7871e-05
0.00015097
0.00011002
9.3711e-05
0.00012158
0.00011463
8.0358e-05
7.7759e-05
7.9588e-05
8.6424e-05
7.8017e-05
7.8017e-05
8.3499e-05
0.00011282
0.00013109
8.5903e-05
0.00016704
9.9015e-05
0.00013638
8.3099e-05
7.6392e-05
8.3647e-05
9.8661e-05
8.9903e-05
9.5463e-05
9.3629e-05
8.5302e-05
0.00010631
0.00012182
7.3976e-05
7.3976e-05
0.00010825
7.7285e-05
7.7285e-05
9.1397e-05
8.3795e-05
0.00010178
0.00011143
9.0883e-05
8.5011e-05
0.00012625
8.4477e-05
8.85e-05
8.3692e-05
0.0001006
8.4797e-05
7.6929e-05
0.00010672
7.6929e-05
7.7356e-05
7.7356e-05
7.7356e-05
8.7152e-05
7.8418e-05
8.9899e-05
7.9046e-05
7.9046e-05
8.6674e-05
7.9046e-05
7.9046e-05
8.8656e-05
7.9046e-05
7.9046e-05
0.0001149
8.6621e-05
8.7188e-05
0.0001171
7.9288e-05
0.00017605
8.6128e-05
8.0006e-05
8.0006e-05
8.9629e-05
8.8026e-05
8.9726e-05
8.6306e-05
0.0001317
0.00016095
7.9772e-05
8.8769e-05
0.00012155
7.8518e-05
8.514e-05
8.5914e-05
8.7019e-05
7.6997e-05
7.6997e-05
9.1826e-05
9.5854e-05
8.2293e-05
0.00019567
8.6692e-05
7.7842e-05
7.9181e-05
9.9527e-05
9.0747e-05
0.00012739
7.639e-05
9.0762e-05
0.00014621
0.0001264
0.00015073
0.00011179
9.5729e-05
9.0583e-05
0.00010015
8.0257e-05
8.0257e-05
8.0257e-05
8.0257e-05
8.0257e-05
8.0384e-05
0.00013482
7.8584e-05
0.00014058
7.7529e-05
8.5834e-05
0.00012407
7.9026e-05
7.9026e-05
8.9734e-05
0.00011339
9.9264e-05
8.0672e-05
9.1581e-05
8.43e-05
9.872e-05
9.144e-05
0.00010595
0.00011208
9.2788e-05
0.00010088
8.599e-05
0.00012292
9.3641e-05
8.6478e-05
0.0001873
7.9206e-05
7.9206e-05
0.00016753
8.0314e-05
7.2674e-05
9.0293e-05
8.882e-05
0.00010878
9.1798e-05
9.1501e-05
7.7244e-05
0.00011173
7.6423e-05
0.00010893
8.3618e-05
8.897e-05
7.6902e-05
8.4119e-05
0.00010633
8.7834e-05
9.5101e-05
9.4461e-05
7.8411e-05
8.6457e-05
7.8917e-05
7.7274e-05
9.8405e-05
7.7274e-05
8.4491e-05
0.00010918
7.7969e-05
9.2096e-05
8.5466e-05
8.5803e-05
0.00010694
8.3258e-05
0.00015172
9.4241e-05
8.6159e-05
0.00010073
7.9622e-05
7.9622e-05
9.4175e-05
8.6458e-05
9.3821e-05
9.3696e-05
9.3621e-05
8.9885e-05
8.9885e-05
0.00016633
0.00014979
7.6487e-05
0.00014686
7.6487e-05
0.00015059
9.4435e-05
7.7843e-05
7.7643e-05
8.4134e-05
0.00010297
8.5735e-05
8.5777e-05
7.8184e-05
0.00015639
0.00024216
7.6579e-05
0.00010309
9.9584e-05
0.00010716
8.7547e-05
9.6485e-05
8.7566e-05
7.9365e-05
7.9365e-05
7.9365e-05
8.9185e-05
8.6832e-05
9.0239e-05
8.4544e-05
7.6585e-05
0.0001551
7.6542e-05
9.7495e-05
9.5706e-05
0.00010296
8.7177e-05
9.5081e-05
7.7264e-05
7.7264e-05
9.5432e-05
7.7766e-05
8.4356e-05
0.00010306
8.6445e-05
7.7526e-05
7.7526e-05
7.7526e-05
8.7031e-05
0.00014798
8.4999e-05
0.00010467
9.1222e-05
8.8118e-05
8.0798e-05
8.0798e-05
8.9321e-05
8.0389e-05
8.0389e-05
8.6937e-05
8.6806e-05
0.00015972
7.7505e-05
0.00017073
0.00014004
0.00018729
8.3426e-05
0.00013095
9.2695e-05
8.3884e-05
8.3884e-05
8.1021e-05
8.8539e-05
9.3456e-05
8.1222e-05
0.00013047
8.1222e-05
9.8134e-05
8.3665e-05
8.0808e-05
7.857e-05
9.1636e-05
7.983e-05
7.983e-05
8.6861e-05
8.7334e-05
7.9833e-05
0.00012901
0.00010798
8.7534e-05
0.00017913
0.00010062
8.0013e-05
9.5267e-05
8.0631e-05
0.00011206
9.9788e-05
7.7358e-05
7.7358e-05
7.7358e-05
9.4574e-05
7.8871e-05
0.00012753
8.4754e-05
7.935e-05
9.729e-05
8.5898e-05
0.00010104
9.29e-05
0.00012276
0.00010381
0.00010381
0.00010381
0.00010098
7.8503e-05
7.8503e-05
0.0001117
8.0631e-05
7.7155e-05
7.7155e-05
7.7155e-05
7.7155e-05
7.7155e-05
7.7155e-05
7.7155e-05
7.7155e-05
7.9116e-05
9.3317e-05
8.7244e-05
9.5209e-05
0.00016817
8.5321e-05
9.8589e-05
0.00010229
8.0753e-05
9.3843e-05
8.0753e-05
7.6443e-05
0.0001176
9.347e-05
7.956e-05
7.6684e-05
8.4206e-05
7.6684e-05
0.00014975
7.7856e-05
7.667e-05
7.6948e-05
7.855e-05
9.1074e-05
0.00011797
8.9198e-05
8.3913e-05
8.6502e-05
9.6629e-05
7.7372e-05
9.3261e-05
9.2569e-05
7.8682e-05
0.00010029
8.6196e-05
7.8155e-05
7.8995e-05
7.8995e-05
9.8756e-05
7.8224e-05
8.3971e-05
0.00011031
0.00010563
8.013e-05
7.945e-05
7.945e-05
7.7237e-05
7.7237e-05
7.7237e-05
8.3791e-05
7.7673e-05
0.00010763
7.893e-05
8.5438e-05
8.8676e-05
7.7763e-05
7.6605e-05
7.6605e-05
8.344e-05
9.0787e-05
8.344e-05
7.7944e-05
7.7944e-05
9.2243e-05
7.8829e-05
9.4946e-05
7.9554e-05
0.00010419
9.5486e-05
7.6991e-05
8.66e-05
7.6991e-05
7.6991e-05
9.1115e-05
9.3383e-05
9.3383e-05
9.3383e-05
9.3383e-05
9.3383e-05
9.3383e-05
7.6503e-05
7.7289e-05
7.7289e-05
9.4143e-05
8.047e-05
7.7739e-05
7.9415e-05
8.6985e-05
0.00010263
7.7425e-05
8.4261e-05
8.5377e-05
9.0647e-05
9.3458e-05
9.114e-05
7.7554e-05
8.8241e-05
7.6871e-05
9.5586e-05
9.5586e-05
0.00010938
8.7527e-05
9.0175e-05
8.3552e-05
8.3552e-05
9.2359e-05
7.8878e-05
7.6953e-05
0.00014637
7.8855e-05
7.8855e-05
8.1444e-05
8.6528e-05
8.7622e-05
7.9987e-05
0.000104
8.36e-05
7.7105e-05
8.5266e-05
7.8771e-05
7.8771e-05
7.7948e-05
0.00010622
0.00016152
9.1336e-05
8.3179e-05
8.7595e-05
0.00016397
0.00010498
7.7973e-05
8.0253e-05
9.7206e-05
7.8389e-05
7.8389e-05
7.2487e-05
7.2487e-05
7.2487e-05
8.9998e-05
7.2487e-05
7.2487e-05
7.2487e-05
7.9703e-05
8.0166e-05
8.7222e-05
0.00010124
7.7647e-05
7.7647e-05
7.7613e-05
7.7613e-05
0.0001504
0.00010376
8.4598e-05
0.00013503
7.9334e-05
8.8303e-05
8.5841e-05
9.5543e-05
7.7407e-05
8.7794e-05
9.1894e-05
7.8673e-05
7.6724e-05
8.3961e-05
7.8374e-05
0.0002744
8.4919e-05
7.8374e-05
8.6155e-05
7.8374e-05
9.1421e-05
9.4856e-05
0.00018249
9.1353e-05
7.7337e-05
7.8687e-05
7.8687e-05
7.644e-05
7.644e-05
7.644e-05
7.644e-05
0.00010656
8.3382e-05
8.9488e-05
7.644e-05
8.12e-05
9.33e-05
8.3086e-05
9.7202e-05
8.5308e-05
0.0001058
7.6544e-05
9.6973e-05
7.9287e-05
8.4583e-05
9.1733e-05
7.7144e-05
7.7144e-05
8.3702e-05
8.5254e-05
8.4723e-05
9.299e-05
9.6747e-05
0.00012516
9.0727e-05
8.2422e-05
8.839e-05
8.839e-05
0.00011817
0.00010443
9.1896e-05
8.3768e-05
9.1098e-05
9.426e-05
0.00014964
8.6262e-05
0.00010309
7.6826e-05
7.6826e-05
0.00010537
9.0208e-05
8.8421e-05
0.00024398
0.00019043
8.6667e-05
7.6418e-05
8.5383e-05
7.6418e-05
9.4768e-05
8.1424e-05
9.4802e-05
9.866e-05
0.00011016
9.0839e-05
7.7114e-05
9.1621e-05
7.6455e-05
8.3524e-05
9.3741e-05
0.00013508
7.6455e-05
7.6455e-05
8.4227e-05
9.0723e-05
0.00010812
0.0001113
7.7078e-05
7.7078e-05
7.7115e-05
8.5029e-05
7.8091e-05
9.509e-05
7.8091e-05
0.00013532
8.7058e-05
0.00013096
8.6522e-05
9.3709e-05
7.9786e-05
7.7334e-05
7.7804e-05
9.5136e-05
8.3896e-05
8.3896e-05
0.00010829
9.3816e-05
7.9436e-05
9.1466e-05
9.5156e-05
9.8981e-05
8.4379e-05
0.00010642
8.057e-05
7.6555e-05
9.6262e-05
8.4187e-05
7.6555e-05
0.00011826
8.5678e-05
9.5707e-05
9.738e-05
7.9203e-05
9.4659e-05
9.4659e-05
8.5311e-05
9.3213e-05
0.00011094
8.6718e-05
9.3275e-05
8.6718e-05
8.5407e-05
7.6414e-05
0.00010763
7.8731e-05
7.8731e-05
8.5231e-05
8.7555e-05
7.6739e-05
0.0001018
7.7538e-05
7.7538e-05
7.9939e-05
7.9939e-05
7.9939e-05
7.9939e-05
0.0001725
9.316e-05
9.6602e-05
8.916e-05
8.916e-05
8.0925e-05
8.0925e-05
8.4657e-05
9.2928e-05
7.7619e-05
8.3695e-05
7.6953e-05
8.3467e-05
9.5303e-05
8.2577e-05
7.725e-05
7.6552e-05
7.6552e-05
7.6552e-05
7.6552e-05
8.7635e-05
0.00010403
8.355e-05
7.6772e-05
0.00010478
7.6772e-05
8.3681e-05
7.8203e-05
7.8203e-05
8.1167e-05
7.742e-05
7.8147e-05
9.4233e-05
8.3827e-05
9.1683e-05
7.6869e-05
7.6869e-05
8.6282e-05
0.00011541
7.704e-05
0.00012447
9.1462e-05
9.1462e-05
8.7188e-05
8.7188e-05
8.7188e-05
7.9693e-05
7.9693e-05
9.9998e-05
0.00010755
7.7835e-05
9.1109e-05
8.5556e-05
8.3691e-05
7.6474e-05
0.00011549
7.6474e-05
0.00010632
7.6474e-05
7.9354e-05
7.9354e-05
8.9749e-05
9.0765e-05
0.00010141
7.7023e-05
8.5992e-05
0.00010787
7.8269e-05
8.5555e-05
7.7195e-05
0.000159
7.6653e-05
7.6653e-05
8.6119e-05
9.6592e-05
7.9143e-05
7.9143e-05
7.7407e-05
8.5136e-05
9.1299e-05
8.5136e-05
9.3138e-05
9.9246e-05
8.6035e-05
7.8008e-05
9.9996e-05
9.4815e-05
8.7972e-05
8.3595e-05
9.1459e-05
7.9598e-05
8.7226e-05
8.488e-05
7.7533e-05
0.00010201
0.00010519
7.8749e-05
0.00010185
7.7105e-05
7.6807e-05
7.6807e-05
9.5646e-05
8.6145e-05
8.6145e-05
9.011e-05
0.00014436
7.6455e-05
8.366e-05
8.4358e-05
7.7607e-05
7.7607e-05
8.4176e-05
9.2692e-05
0.00018289
9.8851e-05
9.1778e-05
7.6455e-05
9.4998e-05
8.6016e-05
8.8013e-05
8.8013e-05
9.6067e-05
0.00010418
0.00010618
0.00010581
0.00015157
7.9038e-05
7.6521e-05
0.00012525
9.9534e-05
0.00011916
7.6521e-05
8.4838e-05
7.6916e-05
8.463e-05
9.4944e-05
7.8205e-05
8.8386e-05
8.4424e-05
0.00010617
9.7625e-05
9.5835e-05
7.8043e-05
7.8043e-05
7.9698e-05
7.9698e-05
7.855e-05
8.527e-05
8.5213e-05
0.00010757
8.6847e-05
8.7268e-05
0.00014405
8.3159e-05
7.6749e-05
8.9762e-05
7.6538e-05
7.661e-05
8.4424e-05
9.5841e-05
0.00010118
9.1602e-05
0.00011446
8.3322e-05
8.1491e-05
9.655e-05
8.1491e-05
8.1491e-05
8.1491e-05
9.0665e-05
7.6947e-05
0.00013711
0.00010155
7.7638e-05
0.00016163
7.6733e-05
7.6733e-05
7.6733e-05
8.9408e-05
8.3787e-05
8.8834e-05
8.8834e-05
7.7285e-05
9.0616e-05
0.00010511
9.0928e-05
8.9485e-05
7.8358e-05
0.00011717
0.00013509
7.7858e-05
8.4729e-05
0.00010977
7.6547e-05
9.6323e-05
9.9266e-05
0.00014114
7.7793e-05
7.7793e-05
7.6481e-05
8.3146e-05
8.4737e-05
9.337e-05
0.00010022
0.00019897
7.9238e-05
7.6417e-05
7.6417e-05
7.9558e-05
0.00010928
8.5485e-05
7.7584e-05
7.7584e-05
8.4804e-05
0.0001104
8.8324e-05
8.8324e-05
7.8471e-05
9.4109e-05
7.782e-05
7.8384e-05
7.7238e-05
7.7238e-05
8.5344e-05
7.6915e-05
0.00011078
7.6915e-05
9.4647e-05
7.6598e-05
7.8115e-05
7.8115e-05
8.5965e-05
8.7947e-05
8.7947e-05
7.127e-05
7.127e-05
7.8921e-05
7.9278e-05
7.8694e-05
0.00017338
7.127e-05
8.273e-05
8.0149e-05
8.9348e-05
7.7003e-05
8.4275e-05
7.9285e-05
0.0001075
8.3134e-05
8.3134e-05
0.00016555
8.3134e-05
0.00010866
0.00013846
7.888e-05
7.7522e-05
7.7522e-05
0.00010645
8.3483e-05
9.0801e-05
7.7414e-05
9.3963e-05
9.0215e-05
7.7131e-05
0.00010503
7.784e-05
9.1451e-05
8.4175e-05
8.5721e-05
9.8965e-05
0.00012592
7.8723e-05
8.6405e-05
7.9864e-05
7.9864e-05
7.7126e-05
7.8887e-05
7.8887e-05
7.8887e-05
7.8887e-05
7.979e-05
0.00011026
8.836e-05
8.836e-05
9.1574e-05
7.6451e-05
7.6451e-05
8.3991e-05
0.00010738
7.6451e-05
7.7717e-05
0.00010436
9.8412e-05
8.8147e-05
7.7392e-05
8.6516e-05
7.6557e-05
7.6557e-05
7.6557e-05
7.6557e-05
0.00010427
7.6557e-05
9.1557e-05
8.3994e-05
8.3071e-05
7.85e-05
8.6735e-05
7.945e-05
7.7064e-05
9.8182e-05
7.7812e-05
8.8932e-05
7.7172e-05
7.7172e-05
8.1155e-05
9.7867e-05
8.1155e-05
0.000112
7.927e-05
7.927e-05
7.6502e-05
8.3037e-05
8.1035e-05
7.9456e-05
7.701e-05
8.4809e-05
7.701e-05
7.701e-05
9.07e-05
9.139e-05
7.7147e-05
0.00012813
8.9605e-05
8.5835e-05
7.7076e-05
9.3236e-05
7.7103e-05
7.6429e-05
9.1958e-05
7.7561e-05
7.6616e-05
0.00011519
7.6616e-05
8.4649e-05
8.3931e-05
7.6616e-05
7.742e-05
7.9862e-05
8.641e-05
9.1097e-05
7.733e-05
7.733e-05
9.1214e-05
8.5327e-05
9.608e-05
8.2486e-05
8.8981e-05
8.2486e-05
8.3665e-05
8.3665e-05
0.00010584
0.00012223
7.233e-05
9.4037e-05
7.233e-05
7.233e-05
7.233e-05
7.9631e-05
7.6393e-05
7.6393e-05
0.00015045
8.2713e-05
8.2713e-05
9.0125e-05
9.8296e-05
9.1004e-05
8.4239e-05
8.5158e-05
8.586e-05
8.1379e-05
8.8681e-05
8.1379e-05
9.0924e-05
7.6582e-05
7.6582e-05
8.5111e-05
0.00011031
8.9096e-05
8.1527e-05
7.8898e-05
9.2263e-05
7.8898e-05
7.8898e-05
8.3978e-05
7.6393e-05
0.00014579
7.7311e-05
8.555e-05
8.4039e-05
0.00011801
7.7214e-05
0.00012278
7.7732e-05
7.7266e-05
7.7266e-05
9.8699e-05
0.00014316
7.7159e-05
7.7159e-05
8.1581e-05
0.00016869
7.7865e-05
7.7865e-05
8.5067e-05
8.5052e-05
8.64e-05
0.00010091
8.5789e-05
8.41e-05
8.41e-05
8.1753e-05
9.5159e-05
8.1753e-05
9.0696e-05
9.0696e-05
8.3228e-05
7.8324e-05
7.8324e-05
7.6634e-05
7.6634e-05
7.6634e-05
7.709e-05
7.6634e-05
0.00010936
9.1304e-05
9.1852e-05
0.00011421
8.3304e-05
8.3304e-05
8.3304e-05
7.649e-05
7.2276e-05
7.2276e-05
7.9941e-05
0.0001107
8.7676e-05
0.00010682
9.0927e-05
8.3818e-05
7.6701e-05
8.0395e-05
8.0395e-05
7.6701e-05
9.6199e-05
7.7475e-05
8.4713e-05
8.5284e-05
9.3279e-05
7.734e-05
0.00024679
0.0001018
0.00018672
7.666e-05
9.0845e-05
7.666e-05
9.6746e-05
7.8104e-05
7.8104e-05
7.8104e-05
7.8104e-05
0.0001018
8.4318e-05
8.6724e-05
8.4797e-05
7.7896e-05
7.7896e-05
7.6516e-05
8.3146e-05
7.7335e-05
0.00010661
0.00010081
7.7193e-05
8.6063e-05
7.7863e-05
9.0252e-05
0.00014513
7.9453e-05
7.3196e-05
7.3196e-05
7.3196e-05
7.3196e-05
7.3196e-05
7.3196e-05
7.3196e-05
7.6513e-05
9.2395e-05
7.6407e-05
7.7663e-05
9.0244e-05
7.861e-05
0.00014993
9.209e-05
7.6439e-05
7.6463e-05
8.3199e-05
7.6463e-05
7.6463e-05
8.4091e-05
7.7925e-05
7.7925e-05
8.5133e-05
7.8632e-05
6.9898e-05
7.5839e-05
6.9898e-05
7.5839e-05
7.5839e-05
8.1839e-05
0.00011276
8.1839e-05
7.7857e-05
7.7857e-05
8.4284e-05
7.7563e-05
0.00011505
8.3519e-05
7.6632e-05
9.6875e-05
8.4927e-05
7.6632e-05
8.5054e-05
7.7785e-05
7.6443e-05
8.4966e-05
7.6608e-05
8.3685e-05
7.9842e-05
9.5348e-05
7.6723e-05
7.6723e-05
9.8645e-05
9.7571e-05
8.271e-05
7.6061e-05
9.8844e-05
8.2556e-05
7.6061e-05
7.6061e-05
8.3949e-05
7.6444e-05
7.6444e-05
7.6444e-05
7.6444e-05
7.7072e-05
7.7072e-05
9.0134e-05
8.4195e-05
9.9949e-05
8.1379e-05
8.1379e-05
7.7399e-05
9.4933e-05
8.5299e-05
0.00010975
9.8548e-05
7.7114e-05
7.7114e-05
7.7114e-05
0.00010064
7.7114e-05
8.3759e-05
8.3759e-05
7.6396e-05
0.00010578
8.7818e-05
8.785e-05
9.5701e-05
9.1097e-05
0.00010492
7.7777e-05
7.7796e-05
7.7796e-05
7.7796e-05
7.7796e-05
7.7796e-05
7.7796e-05
7.7796e-05
7.7796e-05
7.7796e-05
7.7796e-05
9.7011e-05
7.7526e-05
9.3386e-05
7.7135e-05
7.8662e-05
7.8662e-05
8.5157e-05
7.7637e-05
7.7637e-05
9.0728e-05
7.7637e-05
8.6466e-05
7.8812e-05
8.6508e-05
8.2888e-05
8.6138e-05
7.796e-05
7.799e-05
7.8301e-05
0.00014792
9.8367e-05
7.9328e-05
7.9328e-05
7.9328e-05
8.7553e-05
8.5276e-05
8.538e-05
7.9389e-05
7.7183e-05
7.7183e-05
8.5882e-05
9.804e-05
7.9891e-05
8.6656e-05
0.00015657
7.8803e-05
7.8803e-05
7.707e-05
7.707e-05
8.7287e-05
9.6396e-05
8.2956e-05
7.6406e-05
7.6688e-05
7.6688e-05
7.6688e-05
7.6688e-05
7.7192e-05
9.2242e-05
7.7192e-05
7.7192e-05
7.7939e-05
9.9202e-05
7.9359e-05
7.7169e-05
7.7169e-05
8.5224e-05
7.7169e-05
7.6785e-05
8.4221e-05
8.3718e-05
8.3602e-05
8.3809e-05
8.9849e-05
7.6785e-05
7.6785e-05
8.4574e-05
7.6443e-05
8.9334e-05
8.4322e-05
8.2759e-05
8.9254e-05
7.8775e-05
0.00017954
7.8775e-05
8.7914e-05
7.6422e-05
7.6422e-05
8.4261e-05
8.3989e-05
8.6263e-05
8.5567e-05
8.3856e-05
7.7797e-05
7.7166e-05
7.7166e-05
7.9679e-05
8.4705e-05
9.8737e-05
8.1977e-05
7.6399e-05
7.6399e-05
8.5477e-05
7.6399e-05
7.6399e-05
7.6399e-05
9.8572e-05
8.4426e-05
9.4436e-05
8.3784e-05
8.9463e-05
7.6405e-05
7.6405e-05
7.8122e-05
8.601e-05
7.8122e-05
7.8122e-05
7.8122e-05
7.7788e-05
9.4402e-05
7.7788e-05
7.7788e-05
7.2308e-05
7.2308e-05
7.8946e-05
7.8913e-05
7.2308e-05
7.2308e-05
7.2308e-05
7.2308e-05
7.8617e-05
9.4138e-05
9.0101e-05
7.6485e-05
0.00011096
0.00017618
7.643e-05
7.643e-05
8.5597e-05
7.812e-05
9.1172e-05
8.6447e-05
9.645e-05
0.00010373
9.1342e-05
7.7577e-05
0.00010059
7.7015e-05
7.7015e-05
9.3857e-05
7.7835e-05
7.7835e-05
8.438e-05
7.8727e-05
7.8748e-05
7.8894e-05
7.8894e-05
0.00010328
8.7138e-05
8.0584e-05
8.9558e-05
0.00014913
7.6452e-05
7.6452e-05
7.7919e-05
7.7919e-05
7.745e-05
7.745e-05
7.7327e-05
8.3472e-05
8.9854e-05
8.214e-05
9.0603e-05
7.6405e-05
7.7527e-05
7.7612e-05
8.4243e-05
7.6443e-05
7.6443e-05
7.6443e-05
7.7022e-05
8.6354e-05
7.8346e-05
7.8346e-05
7.6423e-05
7.6423e-05
7.6548e-05
7.6548e-05
0.00010083
7.9037e-05
7.9037e-05
7.9037e-05
8.5616e-05
7.9037e-05
7.8332e-05
7.8332e-05
7.6971e-05
7.6515e-05
9.4561e-05
9.0703e-05
9.4972e-05
8.1041e-05
8.1041e-05
7.9198e-05
9.1525e-05
8.5868e-05
7.7478e-05
0.00010028
7.6516e-05
8.3085e-05
7.6516e-05
7.6563e-05
7.6563e-05
0.00014258
7.6452e-05
7.6452e-05
7.6452e-05
8.3669e-05
7.6536e-05
7.6536e-05
7.6536e-05
8.3093e-05
8.2595e-05
8.3709e-05
7.5957e-05
7.5957e-05
7.7711e-05
7.7711e-05
7.7711e-05
0.00014645
7.6931e-05
8.4699e-05
8.4161e-05
8.8336e-05
8.8336e-05
9.4831e-05
9.0392e-05
7.6998e-05
7.6998e-05
8.1408e-05
9.0845e-05
7.7666e-05
0.00010121
9.1745e-05
0.00014168
8.3937e-05
7.7242e-05
8.8468e-05
8.1399e-05
7.6393e-05
7.8798e-05
7.8798e-05
7.6497e-05
7.6497e-05
7.6405e-05
7.6405e-05
7.6405e-05
7.6405e-05
7.6405e-05
9.1484e-05
8.2885e-05
9.086e-05
8.2885e-05
0.00015006
7.696e-05
7.696e-05
7.6666e-05
7.6666e-05
8.5051e-05
7.6666e-05
7.6666e-05
7.8248e-05
8.7793e-05
8.7141e-05
9.4911e-05
8.3008e-05
8.2604e-05
8.2604e-05
7.6399e-05
7.6399e-05
8.2983e-05
7.6449e-05
7.6449e-05
7.6449e-05
7.6454e-05
7.6454e-05
7.6454e-05
7.8469e-05
7.8469e-05
8.4356e-05
7.7095e-05
7.6417e-05
8.3635e-05
7.6417e-05
7.716e-05
8.8627e-05
7.8287e-05
7.9065e-05
8.556e-05
7.684e-05
8.3994e-05
0.00015458
8.3077e-05
7.6405e-05
7.684e-05
7.684e-05
7.684e-05
7.684e-05
7.7138e-05
7.7067e-05
7.7067e-05
7.7067e-05
0.000115
8.1119e-05
7.6468e-05
7.6468e-05
0.00017407
7.7192e-05
7.651e-05
7.651e-05
7.6525e-05
8.9439e-05
8.3716e-05
9.9797e-05
9.1879e-05
7.6044e-05
7.6044e-05
7.6044e-05
8.3265e-05
8.251e-05
7.8405e-05
7.8405e-05
7.8405e-05
8.5307e-05
7.7379e-05
8.3886e-05
8.3875e-05
7.6722e-05
8.3394e-05
7.7954e-05
7.6421e-05
8.2916e-05
8.9523e-05
8.6285e-05
8.6285e-05
7.6423e-05
7.6423e-05
7.6423e-05
8.7696e-05
8.7696e-05
8.7696e-05
7.8571e-05
7.8108e-05
7.8108e-05
8.5513e-05
7.712e-05
7.712e-05
7.712e-05
7.712e-05
8.922e-05
8.4178e-05
0.00011119
0.00011119
8.6672e-05
8.6672e-05
8.6672e-05
9.4063e-05
7.7594e-05
9.195e-05
0.00014023
0.00017385
7.7769e-05
9.1004e-05
9.9936e-05
8.4256e-05
9.0119e-05
0.00014568
9.5959e-05
9.0722e-05
0.00013147
8.3124e-05
7.6529e-05
7.6529e-05
7.6529e-05
8.4183e-05
7.706e-05
7.6532e-05
7.6532e-05
7.6532e-05
8.9699e-05
7.6532e-05
9.7953e-05
7.9424e-05
8.772e-05
7.9424e-05
8.7076e-05
7.9424e-05
8.784e-05
7.9424e-05
7.7786e-05
7.7786e-05
7.7786e-05
7.7119e-05
8.9747e-05
7.8862e-05
8.4354e-05
9.8138e-05
9.01e-05
8.4096e-05
0.00014365
8.5462e-05
7.8297e-05
0.00011709
0.00015534
0.00011432
7.9291e-05
7.9291e-05
7.9291e-05
8.3026e-05
9.936e-05
7.6482e-05
7.7177e-05
8.5282e-05
7.8725e-05
7.7935e-05
7.7234e-05
8.3235e-05
8.3235e-05
8.6151e-05
8.6151e-05
7.6679e-05
7.6679e-05
8.0115e-05
9.1136e-05
8.2532e-05
8.2532e-05
8.968e-05
9.4066e-05
7.7438e-05
7.7438e-05
7.7184e-05
9.2748e-05
8.56e-05
8.56e-05
7.666e-05
7.9294e-05
9.7719e-05
7.6424e-05
7.7498e-05
7.7498e-05
7.7352e-05
7.7352e-05
0.00010276
7.7236e-05
7.7236e-05
7.7039e-05
7.7039e-05
7.7039e-05
0.00013774
8.692e-05
7.6394e-05
0.0001117
7.6889e-05
8.9904e-05
8.9885e-05
7.6889e-05
7.7192e-05
7.7192e-05
9.0735e-05
7.6394e-05
9.6449e-05
7.7507e-05
9.1308e-05
8.3516e-05
7.2604e-05
7.2604e-05
7.2604e-05
7.2604e-05
7.2604e-05
7.2604e-05
7.2604e-05
7.2604e-05
7.2604e-05
7.2604e-05
7.2604e-05
7.2604e-05
7.2604e-05
7.2604e-05
7.2604e-05
7.2604e-05
0.0001598
7.6043e-05
7.6043e-05
9.7528e-05
8.2539e-05
7.6616e-05
7.6616e-05
7.6616e-05
7.6616e-05
7.6556e-05
7.6556e-05
0.00012875
7.7578e-05
7.7578e-05
7.7578e-05
7.7578e-05
8.3961e-05
7.7115e-05
7.7115e-05
7.8485e-05
7.81e-05
7.7219e-05
7.7219e-05
7.7219e-05
7.6616e-05
7.6616e-05
8.5301e-05
7.8376e-05
0.00013616
7.6997e-05
8.3985e-05
0.00014744
0.00015038
9.0407e-05
7.6566e-05
7.6566e-05
7.6627e-05
7.6627e-05
7.6627e-05
0.00011604
7.891e-05
7.891e-05
7.891e-05
8.7619e-05
0.00011741
7.6659e-05
8.4987e-05
7.843e-05
7.6406e-05
7.6406e-05
0.00013498
8.2979e-05
8.2901e-05
7.6406e-05
0.00012026
7.6354e-05
7.7526e-05
7.7908e-05
7.7908e-05
9.2154e-05
8.4097e-05
8.4769e-05
7.7483e-05
7.7483e-05
7.6401e-05
7.6393e-05
7.6393e-05
7.6393e-05
7.6393e-05
7.6393e-05
8.3634e-05
7.7115e-05
0.00014268
7.7115e-05
7.7715e-05
8.9453e-05
8.9812e-05
8.2666e-05
8.2666e-05
8.2666e-05
9.4147e-05
8.5453e-05
8.359e-05
9.377e-05
7.6417e-05
7.8011e-05
7.8011e-05
7.8313e-05
7.8313e-05
8.4775e-05
0.00015459
0.00013485
9.1946e-05
8.4254e-05
7.8015e-05
7.8015e-05
8.4528e-05
7.7174e-05
9.7765e-05
9.207e-05
9.7983e-05
7.6446e-05
7.9557e-05
8.1526e-05
7.9557e-05
7.9557e-05
7.6399e-05
7.6399e-05
7.6399e-05
8.2925e-05
0.00010115
8.384e-05
0.00015802
7.7493e-05
7.7493e-05
7.7493e-05
7.6363e-05
7.7693e-05
7.7313e-05
0.00013663
7.6947e-05
7.7255e-05
7.7255e-05
7.7255e-05
7.646e-05
7.646e-05
7.8474e-05
7.8474e-05
7.8474e-05
7.8474e-05
7.6514e-05
8.4409e-05
7.6514e-05
8.9415e-05
8.2902e-05
8.2902e-05
8.2465e-05
8.2465e-05
8.1122e-05
8.3466e-05
7.6971e-05
8.3472e-05
7.7855e-05
7.6405e-05
7.6405e-05
7.6448e-05
8.3023e-05
7.7277e-05
7.657e-05
8.4541e-05
7.657e-05
7.657e-05
7.7548e-05
7.7548e-05
8.5436e-05
8.4055e-05
7.8229e-05
8.4736e-05
8.473e-05
7.6657e-05
7.6657e-05
7.6657e-05
7.6657e-05
7.6657e-05
8.3251e-05
8.5625e-05
7.6399e-05
7.6399e-05
7.6399e-05
8.3018e-05
7.6412e-05
7.7435e-05
8.3931e-05
7.7435e-05
7.7435e-05
9.1455e-05
9.0198e-05
7.6475e-05
7.8631e-05
7.8631e-05
8.5127e-05
0.00013567
7.8952e-05
8.0424e-05
8.1636e-05
7.6474e-05
8.2637e-05
9.0436e-05
9.6366e-05
9.6366e-05
9.6366e-05
8.3259e-05
9.7278e-05
8.2995e-05
0.00010467
7.7794e-05
8.3532e-05
8.3532e-05
7.6492e-05
7.6492e-05
7.6492e-05
9.0168e-05
0.00013503
0.00013575
0.00010064
7.6411e-05
7.6411e-05
0.00019319
8.3246e-05
7.6619e-05
7.6619e-05
7.6619e-05
8.3133e-05
7.6619e-05
7.9941e-05
9.9657e-05
7.8033e-05
9.0853e-05
7.7294e-05
8.2894e-05
7.6528e-05
7.6528e-05
7.6528e-05
8.0238e-05
7.7748e-05
8.4321e-05
7.6393e-05
8.4493e-05
7.6455e-05
7.7493e-05
7.7493e-05
7.7493e-05
8.518e-05
8.5611e-05
8.5709e-05
0.00010881
0.00010552
8.728e-05
8.0723e-05
7.819e-05
7.819e-05
7.6393e-05
7.6393e-05
7.6836e-05
9.6439e-05
7.6836e-05
7.6836e-05
7.6948e-05
7.7116e-05
7.7116e-05
8.3532e-05
7.7031e-05
7.7031e-05
7.7031e-05
7.7239e-05
7.7239e-05
7.6471e-05
7.6399e-05
7.6399e-05
7.6399e-05
7.6399e-05
7.6399e-05
0.00010221
8.3687e-05
7.6576e-05
8.4415e-05
7.6576e-05
7.7785e-05
9.2407e-05
7.9399e-05
7.6443e-05
0.00013822
8.3118e-05
7.7089e-05
7.7089e-05
7.7089e-05
7.7089e-05
8.6612e-05
7.6413e-05
7.6413e-05
7.2527e-05
7.2527e-05
7.2527e-05
7.2527e-05
7.7055e-05
7.7055e-05
9.1114e-05
8.0003e-05
8.0003e-05
8.0003e-05
0.00020166
7.6486e-05
7.6486e-05
8.3616e-05
0.00010795
7.7146e-05
8.3641e-05
9.8918e-05
7.6592e-05
8.9582e-05
7.6592e-05
7.6708e-05
7.6708e-05
7.8421e-05
7.6923e-05
8.3418e-05
7.76e-05
7.76e-05
7.9141e-05
7.9141e-05
8.2895e-05
7.6975e-05
7.6975e-05
7.6962e-05
7.6393e-05
7.6393e-05
8.1379e-05
8.8632e-05
7.8427e-05
8.5007e-05
7.8427e-05
7.6975e-05
7.6412e-05
7.6412e-05
8.2907e-05
8.2932e-05
7.6698e-05
7.7549e-05
8.4184e-05
7.7628e-05
7.6947e-05
8.358e-05
7.6405e-05
7.6405e-05
7.6405e-05
7.6405e-05
8.3578e-05
7.7048e-05
7.6729e-05
7.6729e-05
7.6729e-05
7.7071e-05
7.7071e-05
7.6399e-05
7.6502e-05
8.3614e-05
7.6502e-05
7.6502e-05
7.7152e-05
8.3782e-05
7.7152e-05
0.00012668
7.7322e-05
7.7322e-05
8.3242e-05
8.0155e-05
8.0155e-05
8.665e-05
7.7165e-05
7.7165e-05
8.2979e-05
8.2979e-05
7.657e-05
7.7183e-05
7.6443e-05
7.6443e-05
7.6443e-05
7.6443e-05
0.00015168
7.6394e-05
8.4332e-05
8.4332e-05
7.8633e-05
8.8252e-05
0.00014209
7.7115e-05
7.7115e-05
7.7115e-05
8.6711e-05
7.8659e-05
8.3222e-05
8.3012e-05
7.6455e-05
8.2888e-05
7.6393e-05
7.6455e-05
7.6455e-05
7.6455e-05
7.6455e-05
7.6393e-05
8.2895e-05
7.6393e-05
7.6061e-05
7.6061e-05
8.2224e-05
7.7177e-05
8.4118e-05
8.2224e-05
8.2224e-05
7.6399e-05
7.6399e-05
7.8283e-05
8.6116e-05
8.4778e-05
7.8283e-05
7.7009e-05
7.6571e-05
7.6571e-05
8.3066e-05
7.6417e-05
7.6417e-05
7.6417e-05
7.665e-05
9.36e-05
7.6393e-05
7.7467e-05
7.7467e-05
7.7467e-05
7.7936e-05
7.7936e-05
0.00013664
8.2945e-05
7.6444e-05
7.684e-05
7.684e-05
7.684e-05
7.6394e-05
8.5035e-05
8.5035e-05
8.5035e-05
8.5035e-05
9.0427e-05
8.3001e-05
7.6506e-05
7.6419e-05
7.6419e-05
7.701e-05
7.6393e-05
7.6393e-05
7.6423e-05
7.6423e-05
7.6423e-05
7.6423e-05
7.6423e-05
7.6423e-05
7.6393e-05
7.6393e-05
7.6393e-05
7.6393e-05
7.7148e-05
7.7148e-05
8.3774e-05
7.7148e-05
7.6399e-05
7.6399e-05
7.8367e-05
7.6399e-05
7.7296e-05
7.7296e-05
7.7296e-05
7.7296e-05
7.7296e-05
7.7296e-05
7.7185e-05
7.6951e-05
7.6399e-05
8.29e-05
9.0119e-05
7.6393e-05
7.6393e-05
7.6393e-05
0.00015341
8.1936e-05
9.3397e-05
9.3397e-05
7.7183e-05
7.7183e-05
7.7331e-05
7.7331e-05
7.7131e-05
7.728e-05
7.728e-05
7.7115e-05
7.6363e-05
8.939e-05
7.64e-05
8.2901e-05
7.6393e-05
7.6393e-05
7.6393e-05
7.6528e-05
7.6528e-05
7.6413e-05
7.6413e-05
7.6413e-05
7.6966e-05
7.6413e-05
7.6531e-05
7.6953e-05
7.9518e-05
7.6959e-05
7.6959e-05
7.6405e-05
7.6405e-05
7.6405e-05
7.6449e-05
7.6449e-05
7.6393e-05
7.6393e-05
7.6393e-05
0.00014331
7.6393e-05
7.6393e-05
7.6393e-05
7.6393e-05
7.6393e-05
7.6393e-05
0.00014134
7.6393e-05
7.6393e-05
8.3897e-05
7.6393e-05
0.00010268
0.00010268
7.6393e-05
7.6393e-05
7.6393e-05
9.4657e-05
7.6393e-05
7.6393e-05
7.7851e-05
7.7851e-05
7.7851e-05
0.00018718
7.719e-05
7.719e-05
0.00013594
8.2976e-05
7.639e-05
7.6477e-05
7.6393e-05
0.00014274
7.6394e-05
7.6394e-05
7.773e-05
7.7787e-05
7.7869e-05
7.7869e-05
8.316e-05
7.6665e-05
7.6665e-05
7.6665e-05
7.6665e-05
7.6443e-05
7.6443e-05
7.6393e-05
7.6393e-05
7.6393e-05
7.7115e-05
7.6399e-05
7.6393e-05
7.6393e-05
7.7115e-05
7.6393e-05
7.6393e-05
7.6393e-05
8.361e-05
7.6393e-05
7.6393e-05
7.7558e-05
7.7558e-05
7.7558e-05
7.7558e-05
8.6136e-05
7.6393e-05
7.6529e-05
7.6399e-05
7.6399e-05
7.6393e-05
7.6393e-05
8.0921e-05
7.651e-05
0.00014153
7.8753e-05
7.6421e-05
8.29e-05
8.29e-05
8.29e-05
8.2888e-05
8.2888e-05
7.7115e-05
7.6393e-05
7.6393e-05
7.6393e-05
7.6393e-05
8.29e-05
7.6393e-05
7.7115e-05
7.6393e-05
7.6393e-05
7.6393e-05
7.6498e-05
7.6498e-05
7.7402e-05
7.6394e-05
7.6394e-05
8.3293e-05
7.6455e-05
7.6455e-05
7.6455e-05
7.6393e-05
7.7737e-05
7.7737e-05
7.6455e-05
7.6455e-05
7.6405e-05
7.6405e-05
7.6405e-05
7.6405e-05
8.615e-05
8.2888e-05
7.1866e-05
7.1866e-05
7.1866e-05
7.1866e-05
7.1866e-05
7.1866e-05
7.1866e-05
7.6393e-05
7.6393e-05
7.6393e-05
9.7542e-05
7.6007e-05
7.6007e-05
7.773e-05
8.2116e-05